196 48728
180 15588
195 9982
183 9314
319 7067
327 5736
316 5648
205 5555
191 4835
221 4206
324 3970
125 3636
229 3562
178 3142
301 2831
376 2674
182 2642
398 2330
296 2023
176 1895
207 1831
304 1740
1380 1703
403 1682
70 1474
309 1463
448 1354
331 1352
353 1316
163 1232
246 1218
252 1218
157 1206
621 1168
930 1165
396 1147
2700 1093
654 1036
1404 1032
401 999
220 931
179 930
174 901
887 885
1017 784
1012 783
2 780
194 771
576 763
2221 744
169 715
204 715
107 687
446 660
39 657
1215 642
2251 636
2661 614
574 606
215 604
738 588
12170 561
318 540
1896 529
1782 517
1625 500
1507 495
118 486
357 486
583 486
933 485
436 460
537 458
1875 449
201 442
1799 435
1505 425
22 419
1665 417
586 381
1352 380
25173 372
991 366
168 365
68993 365
2176 363
737 361
175 360
1088 354
21251 354
1431 349
21 346
95793 336
638 335
3498 334
340 333
1819 332
1844 322
2789 321
98 318
29529 316
330 315
983 314
177 313
268 313
903 313
219 310
281 308
3666 307
2131 302
68979 302
262 300
53677 299
18 298
11559 297
485 295
17223 295
51239 291
5838 290
745 287
103447 278
440 274
949 274
543 270
906 270
4442 270
878 266
1796 266
137 263
5106 262
1755 258
6 249
139 249
2190 249
5038 249
311 248
6564 247
633 246
1444 240
71 239
145 239
1127 238
1785 236
2397 234
1419 233
640 232
1672 229
2172 229
2269 229
1013 228
2171 228
7088 228
1072 227
96011 225
907 218
504 217
535 216
12736 214
545 212
328 211
511 209
187 208
288 208
68981 208
94712 208
890 207
21032 205
1 204
378 204
407 204
22852 201
320 197
766 197
943 196
4354 195
395 193
11554 192
8127 191
12 189
60 189
8032 189
11778 189
8310 188
8733 188
1217 187
3210 187
117 185
260 184
556 184
121 182
10649 182
11617 182
1899 181
202 180
245 180
339 180
1372 180
1729 180
2195 180
9193 180
10366 180
1555 179
400 178
24583 178
3429 177
1407 174
1452 174
51243 174
282 173
866 170
2162 169
666 168
14579 168
538 167
78 166
762 166
2187 166
4100 165
79 163
1010 163
15706 163
16 162
4 162
1050 162
11083 162
389 161
1805 161
101447 161
643 160
3134 160
4090 160
770 159
790 159
755 159
763 159
287 158
578 158
449 157
5230 157
1218 156
11947 156
95581 156
50 155
534 155
1373 155
842 155
1658 155
100616 154
88465 153
333 152
2181 152
2377 152
3715 152
19104 152
23 151
18055 151
1624 149
21674 149
437 148
18827 148
598 147
688 146
373 145
1458 145
539 144
1696 144
271 143
280 143
5060 143
96681 143
24 142
269 141
1174 141
17641 141
51241 141
1454 140
1794 140
2496 140
20103 140
133 139
20883 139
214 138
990 138
18447 138
68990 138
474 137
1446 137
96646 137
443 136
989 136
4518 136
7670 136
52690 136
1681 135
2793 135
3513 135
81855 135
315 133
1445 133
527 132
4312 132
12110 132
52541 132
363 131
784 131
17799 131
25 130
294 130
380 130
41933 130
109615 130
439 129
940 129
8279 129
126027 129
9195 128
40 127
1061 127
1342 127
22171 126
497 125
795 125
851 125
689 125
509 124
1369 124
5062 124
364 123
862 122
3035 122
102490 122
346 121
544 121
11557 121
134512 121
266 120
690 120
65 119
1194 119
1160 119
803 119
23179 119
18432 118
72811 118
2540 117
2832 117
1929 116
2548 116
1879 115
1033 114
6352 114
8719 114
11105 114
22913 114
184 113
299 113
1001 113
5256 113
21454 113
22159 113
29599 113
68982 113
84 112
7114 112
7128 112
13247 112
29759 112
575 111
1114 111
1299 110
4543 110
5239 110
22075 110
756 109
1086 109
1684 109
2225 109
2493 109
4308 109
10294 109
886 108
749 108
1569 108
29598 108
87124 108
97721 108
100551 108
774 107
2538 107
110235 107
216 106
617 106
787 106
1350 106
1537 106
4846 106
4089 105
557 104
836 104
5696 104
6811 104
15619 104
52257 104
2149 103
4135 103
8620 103
4594 102
5769 102
14387 102
20518 102
99949 102
355 101
2023 101
1011 101
7131 101
119812 101
19 100
257 100
1378 100
2033 100
817 100
2333 100
3499 100
67 99
68 99
1637 99
2108 99
2191 99
4275 99
5516 99
26408 99
127567 99
144 98
289 97
321 97
747 97
1026 97
3165 97
17997 97
126700 97
127895 97
921 96
1843 96
6787 96
17991 96
68980 96
123 95
317 95
2334 95
2722 95
5229 95
11791 95
98266 95
687 94
976 94
5056 94
25769 94
29603 94
286 93
1181 93
2351 93
2547 93
4301 93
6753 93
11555 93
15380 93
1682 92
2005 92
9675 92
394 91
2206 91
3765 91
126 90
646 90
869 90
1367 90
1467 90
3823 90
4627 90
313 89
566 89
1288 89
1523 89
3158 89
4420 89
4830 89
125370 89
367 88
1239 88
1243 88
1622 88
1650 88
2205 88
919 88
4252 88
97356 88
134683 88
42 87
1932 87
2219 87
4101 87
7117 87
9177 87
10846 87
12588 87
15835 87
126179 87
101 86
55 86
138 86
918 86
896 86
4304 86
5551 86
8076 86
18483 86
96887 86
15 85
209 85
217 85
336 85
1395 85
1634 85
11898 85
131755 85
181 84
1084 84
2001 84
4303 84
6060 84
102550 84
164 83
258 83
444 83
471 83
1417 83
2189 83
8241 83
21216 83
124017 83
264 82
312 82
393 82
3802 82
4112 82
10087 82
10364 82
10526 82
11314 82
20352 82
86020 82
272 81
432 81
1027 81
1663 81
7507 81
101526 81
1021 80
1371 80
1457 80
1653 80
5069 80
12719 80
18618 80
27107 80
147 79
302 79
1456 79
100617 79
125568 79
134643 79
2122 78
2218 78
2704 78
3228 78
3795 78
5826 78
7155 78
19232 78
21037 78
50984 78
115 77
1561 77
806 77
855 77
6247 77
6831 77
22735 77
96638 77
33 76
365 76
372 76
461 76
531 76
601 76
734 76
829 76
2330 76
2362 76
2580 76
188 75
406 75
1277 75
710 75
2784 75
10170 75
15113 75
24142 75
73816 75
134649 75
739 74
2507 74
3740 74
11006 74
17982 74
41927 74
46025 74
64 73
155 73
814 73
1400 73
2258 73
4305 73
6026 73
9423 73
18469 73
19323 73
27259 73
52691 73
251 72
419 72
1062 72
1076 72
1131 72
1667 72
2353 72
898 72
6788 72
12852 72
28899 72
38029 72
479 71
1175 71
2617 71
14908 71
43150 71
57312 71
66600 71
127 70
203 70
240 70
323 70
492 70
1157 70
1337 70
10137 70
11256 70
15770 70
22135 70
26106 70
28405 70
54297 70
63293 70
101527 70
161 69
486 69
1398 69
1430 69
13042 69
13617 69
189 68
1100 68
1227 68
811 68
303 68
2850 68
3129 68
4211 68
4711 68
5373 68
6981 68
7658 68
38490 68
50391 68
97105 68
116155 68
120024 68
126237 68
77 67
111 67
337 67
1234 67
1500 67
2791 67
3603 67
3997 67
19975 67
20198 67
44165 67
102549 67
124007 67
127024 67
134372 67
134636 67
109 66
249 66
559 66
4409 66
8371 66
9781 66
12440 66
18048 66
19325 66
53474 66
123991 66
691 65
2650 65
3375 65
6357 65
7666 65
10362 65
22578 65
24073 65
24322 65
29018 65
29045 65
35826 65
97796 65
120738 65
54 64
759 64
775 64
1280 64
1388 64
945 64
2736 64
3067 64
6407 64
6635 64
8293 64
9039 64
9537 64
12212 64
23832 64
25771 64
29033 64
43068 64
118082 64
541 63
1151 63
791 63
1866 63
2425 63
2487 63
3068 63
11460 63
11681 63
13413 63
14613 63
15682 63
15810 63
32681 63
50674 63
51288 63
86111 63
89881 63
114614 63
126893 63
127889 63
593 62
728 62
730 62
1442 62
1677 62
2174 62
1783 62
4356 62
4964 62
5428 62
15377 62
24889 62
32680 62
1451 61
1510 61
1680 61
2060 61
2207 61
2224 61
2242 61
712 61
3738 61
3921 61
9638 61
11120 61
14986 61
18843 61
29023 61
29028 61
110637 61
120744 61
127535 61
20 60
508 60
1179 60
1220 60
1504 60
1600 60
1695 60
3115 60
3358 60
4307 60
6356 60
6620 60
8395 60
22644 60
25631 60
29043 60
29044 60
29593 60
29607 60
45872 60
125500 60
126176 60
371 59
1169 59
1237 59
1334 59
1402 59
2322 59
2383 59
742 59
881 59
5770 59
7604 59
18913 59
25511 59
29022 59
123716 59
88 58
90 58
283 58
810 58
685 58
1626 58
1629 58
2096 58
2178 58
2298 58
2545 58
1752 58
3537 58
4055 58
5149 58
6649 58
7657 58
8186 58
29019 58
29030 58
29038 58
29041 58
29614 58
31052 58
588 57
864 57
1589 57
900 57
1725 57
2254 57
2646 57
847 57
860 57
2851 57
3583 57
6229 57
6292 57
8123 57
10539 57
12903 57
14728 57
16079 57
17587 57
30018 57
39051 57
52575 57
96220 57
568 56
1274 56
1522 56
1928 56
2184 56
5618 56
6772 56
8292 56
10302 56
11613 56
29021 56
29026 56
29042 56
32003 56
44181 56
54149 56
93589 56
76 55
305 55
947 55
1377 55
1571 55
792 55
3168 55
3487 55
6754 55
11296 55
12702 55
26431 55
29029 55
29036 55
29046 55
52539 55
57508 55
126286 55
5 54
392 54
540 54
636 54
1387 54
1562 54
711 54
765 54
2068 54
2385 54
2536 54
2666 54
4004 54
5074 54
6755 54
8653 54
9064 54
10685 54
12235 54
13225 54
15622 54
17250 54
17581 54
18052 54
18826 54
29027 54
43067 54
55476 54
126284 54
10 53
160 53
478 53
893 53
959 53
1085 53
1450 53
2550 53
3366 53
4302 53
4835 53
6367 53
6974 53
8549 53
13324 53
18564 53
23704 53
29034 53
29039 53
48100 53
64622 53
86591 53
103824 53
123466 53
126207 53
89 52
430 52
2151 52
2577 52
2785 52
7421 52
8981 52
12910 52
13422 52
15494 52
18924 52
26402 52
29024 52
29025 52
29047 52
84983 52
124400 52
126175 52
126633 52
1241 51
1412 51
681 51
914 51
4087 51
6149 51
9676 51
9677 51
10023 51
13898 51
14167 51
17881 51
26955 51
26956 51
27648 51
27947 51
53073 51
29040 51
120756 51
123997 51
91 50
383 50
386 50
936 50
1441 50
1627 50
2048 50
2120 50
2128 50
2169 50
2405 50
2575 50
823 50
4121 50
4699 50
7141 50
8211 50
9178 50
9192 50
15186 50
18844 50
20943 50
24231 50
25512 50
28802 50
29032 50
45734 50
46373 50
55277 50
71684 50
78152 50
85949 50
27652 50
118086 50
122729 50
134637 50
8 49
385 49
757 49
802 49
1614 49
1793 49
2212 49
2304 49
2329 49
2526 49
2541 49
2896 49
3470 49
3789 49
4590 49
4697 49
4698 49
5070 49
5973 49
7619 49
8175 49
10293 49
14261 49
14955 49
17572 49
17780 49
18005 49
29037 49
29979 49
55930 49
98546 49
131686 49
99 48
273 48
368 48
424 48
627 48
1358 48
1362 48
1542 48
2542 48
920 48
2835 48
2852 48
3048 48
3764 48
3847 48
4586 48
5019 48
6493 48
7404 48
7436 48
7643 48
11508 48
11777 48
12168 48
13419 48
16961 48
17579 48
17786 48
19143 48
35950 48
36121 48
36389 48
63862 48
73765 48
79191 48
79585 48
93688 48
132178 48
63 47
211 47
369 47
416 47
442 47
445 47
885 47
891 47
812 47
1443 47
2016 47
2518 47
4109 47
5891 47
6114 47
6411 47
7139 47
7250 47
8738 47
9072 47
21507 47
25667 47
27721 47
30775 47
41491 47
43807 47
44828 47
71954 47
91876 47
110832 47
127033 47
158 46
347 46
413 46
821 46
1178 46
1236 46
1221 46
1333 46
1409 46
1833 46
2234 46
2569 46
3676 46
3775 46
4299 46
4528 46
5414 46
6440 46
7523 46
8535 46
8732 46
11375 46
11786 46
14914 46
18053 46
27300 46
52310 46
85885 46
100134 46
103822 46
119992 46
125577 46
127801 46
131719 46
110 45
247 45
1044 45
1161 45
659 45
2188 45
2651 45
3154 45
3449 45
3939 45
4018 45
4449 45
7617 45
10440 45
12352 45
14916 45
17234 45
19699 45
23484 45
44180 45
47227 45
81465 45
110731 45
126374 45
126881 45
285 44
310 44
374 44
507 44
1138 44
1365 44
1436 44
1440 44
1770 44
2423 44
3505 44
3596 44
3711 44
4183 44
4195 44
4227 44
4440 44
4661 44
5466 44
5480 44
6434 44
6718 44
7130 44
7157 44
7673 44
8195 44
13868 44
15364 44
17414 44
18057 44
26661 44
36472 44
72220 44
77473 44
126880 44
127795 44
131720 44
441 43
522 43
1034 43
1090 43
1171 43
816 43
1425 43
1490 43
1758 43
2072 43
2081 43
2114 43
2146 43
2194 43
2231 43
2626 43
2642 43
743 43
2842 43
3241 43
3611 43
3692 43
4039 43
4205 43
4279 43
4399 43
5848 43
5910 43
6810 43
6924 43
9062 43
11749 43
15024 43
17202 43
17480 43
25818 43
26380 43
27374 43
35915 43
43122 43
44182 43
44387 43
56825 43
97373 43
127715 43
131745 43
32 42
241 42
464 42
465 42
490 42
564 42
1040 42
1134 42
1216 42
1433 42
1595 42
1953 42
1955 42
2036 42
2099 42
2109 42
2111 42
2132 42
2480 42
3078 42
3314 42
3398 42
3509 42
3632 42
3797 42
4479 42
5382 42
5568 42
5851 42
5981 42
6439 42
6466 42
6488 42
6676 42
7396 42
8118 42
8121 42
8915 42
9264 42
9339 42
9346 42
9466 42
10093 42
12279 42
12530 42
15620 42
15647 42
17588 42
25552 42
30073 42
42412 42
44170 42
45424 42
48125 42
50133 42
61772 42
92503 42
106840 42
126045 42
455 41
489 41
1074 41
1182 41
1260 41
1413 41
1556 41
729 41
2777 41
2888 41
3504 41
3613 41
3844 41
4165 41
4288 41
5764 41
7346 41
8661 41
10541 41
10885 41
11774 41
12076 41
12518 41
12632 41
17293 41
18613 41
19000 41
19241 41
20862 41
24216 41
24239 41
26395 41
38321 41
44169 41
51776 41
87113 41
88937 41
96805 41
110815 41
126699 41
37 40
61 40
467 40
671 40
868 40
726 40
1317 40
1340 40
1812 40
1845 40
2360 40
2361 40
3620 40
3783 40
4204 40
4394 40
4545 40
4603 40
4732 40
5765 40
6111 40
6200 40
6374 40
6441 40
6652 40
7626 40
8708 40
9152 40
11859 40
12490 40
16034 40
17783 40
24253 40
26405 40
26482 40
26521 40
26591 40
26671 40
29679 40
29824 40
53505 40
22965 40
75016 40
97937 40
110635 40
56 39
48 39
114 39
74 39
530 39
536 39
569 39
642 39
753 39
725 39
1145 39
1297 39
1389 39
1423 39
1427 39
1434 39
1515 39
1715 39
901 39
2208 39
2228 39
2282 39
2422 39
2450 39
2560 39
3025 39
3082 39
3742 39
3891 39
3907 39
4199 39
4277 39
4595 39
6748 39
8269 39
8914 39
9157 39
13144 39
13472 39
14262 39
14750 39
17790 39
23396 39
24657 39
27938 39
36314 39
38715 39
44921 39
47244 39
47248 39
53332 39
55643 39
59745 39
76742 39
91993 39
123554 39
452 38
796 38
1103 38
1123 38
1192 38
1429 38
1877 38
1931 38
2091 38
2202 38
2214 38
2671 38
779 38
904 38
3354 38
3448 38
3592 38
3631 38
3713 38
4236 38
4311 38
5872 38
6343 38
6442 38
6677 38
8104 38
9035 38
9143 38
10019 38
10540 38
16044 38
17779 38
18050 38
18784 38
23149 38
23399 38
25864 38
26446 38
26523 38
28798 38
29590 38
30246 38
50039 38
71152 38
90122 38
95449 38
100137 38
102133 38
113378 38
121920 38
127437 38
134628 38
45 37
49 37
345 37
426 37
797 37
656 37
660 37
1133 37
1184 37
1256 37
1530 37
1572 37
1689 37
1709 37
1823 37
1893 37
1930 37
789 37
2155 37
819 37
2628 37
3356 37
3419 37
4667 37
4855 37
5127 37
5215 37
5559 37
6368 37
6438 37
6655 37
7222 37
7716 37
8078 37
8239 37
8288 37
8727 37
9188 37
9340 37
9553 37
10016 37
11599 37
12104 37
12797 37
12892 37
14952 37
15285 37
15688 37
17132 37
22548 37
25832 37
29346 37
30627 37
30894 37
31856 37
39339 37
44184 37
48351 37
71272 37
71495 37
90115 37
101497 37
103819 37
110829 37
126882 37
17 36
131 36
132 36
156 36
199 36
438 36
634 36
635 36
1353 36
1455 36
1513 36
1839 36
2147 36
2303 36
2326 36
2818 36
2838 36
2936 36
2985 36
3039 36
3291 36
3658 36
3857 36
4473 36
4591 36
4908 36
5043 36
5924 36
6444 36
6715 36
8263 36
8272 36
9657 36
11639 36
11956 36
11959 36
13347 36
13417 36
14649 36
15746 36
17857 36
19333 36
22793 36
24881 36
25046 36
25083 36
25775 36
25865 36
30898 36
34367 36
35780 36
35909 36
43805 36
44172 36
44697 36
48457 36
51287 36
57570 36
118074 36
127037 36
131563 36
134085 36
134644 36
197 35
232 35
276 35
825 35
809 35
870 35
1023 35
731 35
1370 35
1390 35
1502 35
2427 35
676 35
709 35
744 35
2737 35
2894 35
3248 35
3924 35
4131 35
4281 35
4569 35
4652 35
4747 35
5059 35
5197 35
5435 35
5491 35
5517 35
5922 35
5925 35
6903 35
7012 35
7247 35
7329 35
7856 35
8219 35
8545 35
9241 35
11572 35
11612 35
12801 35
13831 35
15105 35
16738 35
17668 35
18066 35
19093 35
20520 35
24262 35
26293 35
29141 35
29221 35
34584 35
36086 35
36471 35
38317 35
42095 35
43271 35
44176 35
66249 35
87688 35
110608 35
119831 35
123437 35
125569 35
126933 35
134500 35
292 34
637 34
667 34
669 34
750 34
830 34
1036 34
1097 34
1117 34
1310 34
1338 34
1702 34
1830 34
1865 34
1901 34
1989 34
2143 34
2180 34
2359 34
2529 34
2528 34
2553 34
771 34
2769 34
3388 34
3484 34
3497 34
3530 34
3756 34
3837 34
3930 34
3942 34
4608 34
4688 34
4959 34
5198 34
6443 34
7353 34
7505 34
8459 34
8589 34
9017 34
10024 34
10127 34
11674 34
11764 34
12416 34
12823 34
13485 34
14263 34
14973 34
15064 34
15073 34
17044 34
17406 34
17456 34
17893 34
19357 34
20699 34
24505 34
26105 34
26548 34
26633 34
28926 34
29266 34
29963 34
35896 34
35985 34
42767 34
43287 34
44175 34
47764 34
53254 34
63100 34
97433 34
100449 34
111244 34
116239 34
126869 34
132240 34
134672 34
86 33
218 33
325 33
639 33
1124 33
1139 33
1156 33
1183 33
1206 33
1322 33
1952 33
2118 33
2152 33
2366 33
2414 33
3198 33
3617 33
3916 33
4141 33
4143 33
4202 33
4294 33
4488 33
5055 33
5558 33
6103 33
6667 33
8108 33
8187 33
8256 33
8547 33
9215 33
9402 33
9477 33
9539 33
10303 33
11212 33
11257 33
11562 33
13427 33
14727 33
14876 33
17424 33
17781 33
18607 33
19141 33
19440 33
22832 33
23440 33
26377 33
26491 33
26499 33
28302 33
28931 33
39600 33
43024 33
46372 33
51393 33
55886 33
57511 33
61905 33
66669 33
74532 33
85835 33
90117 33
93824 33
104236 33
110701 33
110808 33
123630 33
127276 33
127799 33
150 32
186 32
274 32
290 32
418 32
498 32
563 32
955 32
692 32
1309 32
1341 32
1579 32
1727 32
1730 32
1906 32
1924 32
2028 32
2102 32
2198 32
2193 32
2223 32
2244 32
2343 32
2437 32
772 32
672 32
2563 32
727 32
2747 32
831 32
2792 32
3305 32
3614 32
3633 32
3809 32
4490 32
5162 32
5379 32
5715 32
6033 32
6860 32
6973 32
7129 32
7156 32
7194 32
7588 32
8115 32
8201 32
8574 32
9032 32
9506 32
9591 32
10177 32
10424 32
12637 32
12715 32
12932 32
13464 32
13697 32
13719 32
14948 32
15043 32
17292 32
17777 32
17820 32
18054 32
20588 32
20712 32
20984 32
21429 32
21636 32
22151 32
23455 32
23862 32
24143 32
25131 32
26652 32
28124 32
36183 32
37310 32
38325 32
38623 32
50671 32
52916 32
57516 32
100033 32
100479 32
108968 32
110703 32
123599 32
126901 32
132263 32
27 31
149 31
615 31
1107 31
1119 31
1271 31
1422 31
1536 31
1541 31
1580 31
1712 31
1795 31
1832 31
2125 31
2201 31
2325 31
2331 31
2521 31
2570 31
2573 31
2717 31
2914 31
3046 31
3217 31
3403 31
3520 31
3604 31
3703 31
3937 31
4015 31
4216 31
4257 31
4654 31
4979 31
5058 31
5928 31
6168 31
6289 31
6358 31
7020 31
7091 31
7092 31
7151 31
7260 31
7365 31
8034 31
8539 31
8632 31
8685 31
8900 31
9713 31
10686 31
10968 31
11441 31
11750 31
12554 31
12580 31
12717 31
13193 31
15018 31
15316 31
16063 31
17362 31
17556 31
23949 31
26487 31
26758 31
28758 31
35947 31
35986 31
36535 31
38327 31
39476 31
46924 31
47422 31
53566 31
71501 31
104243 31
104936 31
110612 31
111360 31
111541 31
113697 31
118083 31
123779 31
126183 31
127034 31
127800 31
132311 31
100 30
494 30
572 30
982 30
1147 30
1225 30
1231 30
1416 30
1453 30
1482 30
1552 30
1900 30
2044 30
2262 30
2357 30
2415 30
2584 30
1851 30
748 30
2848 30
3302 30
3427 30
3485 30
3938 30
4224 30
4906 30
4935 30
5017 30
5068 30
5375 30
5619 30
6365 30
6445 30
6551 30
7145 30
8113 30
8120 30
9057 30
9510 30
11114 30
11288 30
11354 30
11611 30
12746 30
12802 30
13045 30
14877 30
15605 30
15690 30
15780 30
16674 30
17782 30
17794 30
18099 30
18466 30
21635 30
22155 30
24174 30
24593 30
26504 30
26615 30
29526 30
29602 30
29612 30
31339 30
36312 30
37315 30
39650 30
43010 30
44178 30
44601 30
44779 30
47107 30
47192 30
47246 30
53558 30
53724 30
54454 30
55995 30
68995 30
70732 30
71156 30
98200 30
103499 30
108967 30
108969 30
109427 30
110049 30
110572 30
110700 30
110809 30
111540 30
111542 30
117966 30
120742 30
120749 30
123387 30
126724 30
131702 30
133238 30
9 29
81 29
103 29
193 29
613 29
707 29
724 29
888 29
1078 29
1219 29
1259 29
1301 29
1488 29
1501 29
1526 29
1590 29
1594 29
1644 29
1664 29
1688 29
2024 29
2249 29
2341 29
2416 29
2498 29
799 29
2508 29
2588 29
934 29
3028 29
3127 29
3253 29
3395 29
3865 29
4093 29
4146 29
4229 29
4269 29
4314 29
4393 29
5381 29
5384 29
5457 29
5699 29
5986 29
6063 29
6082 29
6364 29
6369 29
7371 29
7656 29
7709 29
7819 29
7924 29
8181 29
8333 29
8898 29
9422 29
9823 29
9909 29
10534 29
12704 29
13730 29
13901 29
15049 29
15273 29
15406 29
15568 29
16612 29
16880 29
17363 29
17482 29
17718 29
18971 29
20532 29
20826 29
21242 29
21386 29
22040 29
23055 29
23400 29
23759 29
23996 29
25459 29
26383 29
26436 29
27248 29
27731 29
28857 29
28932 29
28943 29
30172 29
38435 29
38781 29
39649 29
41505 29
44171 29
44174 29
44179 29
44690 29
54785 29
57317 29
57515 29
63292 29
64001 29
68831 29
104939 29
108965 29
110052 29
110744 29
110753 29
110828 29
121977 29
123704 29
125427 29
126182 29
126288 29
126891 29
127796 29
131330 29
132312 29
132425 29
143 28
278 28
425 28
428 28
434 28
1060 28
1068 28
1089 28
1113 28
1344 28
1376 28
1381 28
1439 28
1607 28
2116 28
2160 28
2246 28
2289 28
2413 28
2465 28
2469 28
2594 28
2623 28
2698 28
941 28
2940 28
3109 28
3243 28
3397 28
3626 28
3833 28
4824 28
5057 28
5312 28
5553 28
5754 28
5983 28
6036 28
6099 28
6215 28
6242 28
6702 28
6770 28
7343 28
7587 28
7641 28
8112 28
8167 28
8243 28
8715 28
9158 28
9395 28
9876 28
10928 28
11000 28
11038 28
11467 28
12505 28
12716 28
12744 28
14221 28
18419 28
19535 28
20668 28
21602 28
22154 28
23322 28
23599 28
23699 28
25100 28
25293 28
25827 28
26440 28
26493 28
27457 28
27976 28
28544 28
28567 28
28813 28
29570 28
29954 28
30094 28
30123 28
30595 28
30857 28
38087 28
38322 28
38323 28
41861 28
45931 28
47222 28
54874 28
56581 28
57517 28
57571 28
60465 28
61451 28
61966 28
68992 28
68994 28
75015 28
76465 28
88976 28
94695 28
99831 28
107460 28
110788 28
114282 28
119870 28
121596 28
125215 28
125579 28
126065 28
133633 28
113 27
208 27
322 27
390 27
450 27
513 27
523 27
714 27
1193 27
1177 27
1384 27
1739 27
1798 27
1835 27
1887 27
2261 27
2281 27
2364 27
2495 27
2510 27
2555 27
693 27
721 27
793 27
2738 27
2837 27
2845 27
2919 27
2943 27
3085 27
3296 27
3359 27
3457 27
3468 27
3581 27
3721 27
3887 27
3968 27
4332 27
4514 27
4633 27
4734 27
4812 27
4923 27
5736 27
5738 27
5832 27
6336 27
6556 27
6862 27
7142 27
7600 27
7708 27
8106 27
8560 27
8734 27
8954 27
9686 27
10606 27
10662 27
11115 27
11117 27
11486 27
11582 27
11619 27
11753 27
11837 27
11852 27
12124 27
12278 27
12415 27
12878 27
14223 27
14828 27
14875 27
18046 27
18600 27
19247 27
20477 27
23033 27
23401 27
23596 27
23601 27
24017 27
24024 27
24532 27
26052 27
26258 27
26735 27
27072 27
28745 27
28875 27
29127 27
30307 27
31388 27
32370 27
33019 27
38337 27
44166 27
45752 27
45805 27
50786 27
51279 27
57046 27
71158 27
72240 27
72297 27
72992 27
80147 27
82074 27
87699 27
92139 27
94747 27
104686 27
104979 27
105355 27
110525 27
110836 27
110839 27
117964 27
119832 27
120241 27
122170 27
123436 27
123900 27
126283 27
134442 27
80 26
134 26
423 26
503 26
514 26
923 26
1014 26
1025 26
1075 26
1104 26
1235 26
1240 26
1283 26
1383 26
1396 26
1612 26
1636 26
1741 26
1921 26
2220 26
2336 26
2449 26
2504 26
2511 26
2582 26
2647 26
735 26
2765 26
2788 26
2831 26
3081 26
3329 26
3382 26
3482 26
3500 26
3704 26
3736 26
3780 26
3940 26
3958 26
4273 26
4278 26
4300 26
4325 26
4509 26
4536 26
4641 26
4672 26
4726 26
4731 26
4882 26
4884 26
5181 26
5212 26
5406 26
5591 26
5876 26
6195 26
6294 26
6359 26
6461 26
6491 26
6509 26
6669 26
7248 26
7244 26
7420 26
7480 26
7753 26
7865 26
8204 26
8265 26
8721 26
9187 26
9478 26
10603 26
10708 26
10963 26
11087 26
11600 26
11620 26
11621 26
12035 26
12040 26
12417 26
13345 26
14231 26
14907 26
15365 26
15616 26
17577 26
17746 26
17788 26
18010 26
18625 26
19375 26
19377 26
19511 26
19829 26
20339 26
20697 26
20822 26
20823 26
21298 26
22120 26
22157 26
22235 26
23496 26
23563 26
24993 26
25537 26
25863 26
25935 26
26067 26
26561 26
27166 26
29604 26
30019 26
31743 26
34230 26
35309 26
38315 26
38320 26
38334 26
40429 26
42648 26
42801 26
46140 26
48716 26
48898 26
50672 26
53263 26
53643 26
57520 26
62167 26
64906 26
71297 26
85354 26
90990 26
95983 26
100139 26
107472 26
110823 26
110838 26
119664 26
120295 26
123676 26
123999 26
124012 26
126461 26
127555 26
127894 26
131320 26
306 25
335 25
370 25
429 25
664 25
867 25
971 25
992 25
1073 25
1126 25
1166 25
1242 25
760 25
1326 25
1349 25
1355 25
1486 25
1491 25
1705 25
1869 25
1970 25
708 25
2053 25
2084 25
2175 25
2200 25
2226 25
2256 25
657 25
2318 25
2440 25
679 25
2497 25
2552 25
2566 25
2574 25
2807 25
3186 25
3393 25
3526 25
3682 25
3717 25
3743 25
3876 25
3880 25
3966 25
4097 25
4177 25
4188 25
4234 25
4268 25
4375 25
4391 25
4538 25
4606 25
4693 25
4710 25
4757 25
4823 25
4910 25
4912 25
5072 25
5407 25
5678 25
5817 25
5992 25
6056 25
6089 25
6163 25
6431 25
6727 25
6751 25
6773 25
6955 25
7158 25
7215 25
7232 25
7310 25
7417 25
7521 25
7556 25
7660 25
7741 25
8035 25
8117 25
8331 25
8472 25
8562 25
8590 25
8696 25
8787 25
8822 25
9061 25
9183 25
9268 25
9530 25
9658 25
9834 25
10033 25
10094 25
10605 25
10710 25
11586 25
11676 25
11893 25
12350 25
12700 25
12898 25
13354 25
13368 25
13392 25
13702 25
14333 25
14561 25
14910 25
15219 25
15755 25
15790 25
16934 25
17021 25
17151 25
17161 25
17580 25
17584 25
17585 25
17589 25
18418 25
19153 25
19252 25
19524 25
19876 25
20503 25
21337 25
21601 25
22102 25
22165 25
22169 25
22369 25
22532 25
22550 25
23017 25
23618 25
25770 25
25867 25
26387 25
26489 25
26650 25
26687 25
26836 25
28138 25
28930 25
29290 25
30696 25
31609 25
32328 25
33085 25
38314 25
38316 25
40207 25
44185 25
45849 25
50556 25
51588 25
52279 25
53339 25
53665 25
55339 25
56297 25
57129 25
58415 25
69082 25
70105 25
70677 25
71522 25
86587 25
87703 25
89620 25
94777 25
100313 25
110610 25
110766 25
110801 25
110812 25
110833 25
117633 25
122544 25
126373 25
127275 25
127767 25
134050 25
43 24
159 24
234 24
248 24
297 24
460 24
596 24
736 24
861 24
979 24
1046 24
1102 24
1029 24
773 24
1152 24
1249 24
761 24
1399 24
1420 24
661 24
1498 24
1547 24
1623 24
1724 24
1780 24
1873 24
1904 24
1908 24
1997 24
2179 24
2186 24
2197 24
2320 24
2332 24
2458 24
2887 24
2980 24
3065 24
3166 24
3187 24
3285 24
3301 24
3389 24
3519 24
3525 24
3546 24
3659 24
3779 24
3785 24
3831 24
3889 24
1776 24
4235 24
4540 24
4575 24
4582 24
4592 24
4607 24
4787 24
4899 24
5095 24
5280 24
5310 24
5383 24
5393 24
5423 24
5462 24
5979 24
6105 24
6580 24
6743 24
7125 24
7253 24
7298 24
7342 24
7590 24
8258 24
8380 24
8654 24
8880 24
8929 24
9161 24
9189 24
9540 24
10138 24
10894 24
10898 24
11116 24
11673 24
11856 24
11864 24
12006 24
12423 24
13059 24
13902 24
13997 24
14034 24
14676 24
14833 24
14874 24
15608 24
15917 24
16038 24
16520 24
17054 24
17135 24
17409 24
17582 24
17583 24
17683 24
18047 24
18488 24
19390 24
19806 24
19867 24
19960 24
20966 24
21038 24
22549 24
23140 24
23324 24
23441 24
24992 24
24996 24
25089 24
25868 24
26011 24
26023 24
26457 24
26475 24
26510 24
26526 24
26680 24
26755 24
27341 24
27975 24
28933 24
29111 24
29615 24
30165 24
30932 24
30981 24
31318 24
31990 24
32064 24
32339 24
36908 24
38310 24
38319 24
40732 24
45018 24
45478 24
47230 24
47245 24
48278 24
50676 24
54804 24
57929 24
62942 24
68984 24
70248 24
77837 24
94750 24
94752 24
94943 24
94956 24
110607 24
110611 24
110624 24
110730 24
110737 24
110741 24
110804 24
110827 24
120157 24
125572 24
127559 24
127892 24
192 23
206 23
222 23
259 23
275 23
308 23
338 23
420 23
476 23
520 23
653 23
1030 23
1065 23
1092 23
1187 23
1347 23
1520 23
1577 23
1588 23
1639 23
1678 23
1842 23
1858 23
1926 23
1969 23
2049 23
2070 23
2150 23
2222 23
702 23
2431 23
2489 23
2519 23
2535 23
2559 23
2595 23
908 23
3180 23
3619 23
3805 23
3858 23
3926 23
4009 23
4095 23
4132 23
4149 23
4159 23
4222 23
4232 23
4260 23
4280 23
4367 23
4412 23
4448 23
4556 23
4657 23
4704 23
4785 23
5047 23
5254 23
5352 23
5679 23
5688 23
5906 23
5987 23
6022 23
6067 23
6187 23
6301 23
6450 23
6576 23
6596 23
6705 23
6906 23
6926 23
7079 23
7225 23
7256 23
7251 23
7305 23
7419 23
7554 23
7645 23
8038 23
8188 23
8372 23
8509 23
8815 23
8886 23
9095 23
9303 23
9481 23
9763 23
10095 23
10285 23
11062 23
11188 23
11233 23
11383 23
11614 23
11752 23
11818 23
12004 23
12269 23
12902 23
13046 23
13178 23
13989 23
14605 23
14873 23
15228 23
15325 23
15395 23
15580 23
15809 23
15939 23
17404 23
18455 23
19331 23
19891 23
20782 23
20978 23
21122 23
21123 23
21478 23
21975 23
22161 23
22370 23
22416 23
23817 23
24072 23
24997 23
25074 23
25165 23
25170 23
25830 23
25968 23
26285 23
26390 23
26432 23
26438 23
26450 23
26549 23
26585 23
26739 23
27292 23
27504 23
27714 23
28677 23
28950 23
29203 23
29411 23
29683 23
29899 23
30166 23
30306 23
30475 23
