701 7018 607
701 1239 419
1239 7018 382
701 3356 281
13237 25462 265
3356 3549 264
174 3356 264
209 7018 224
209 701 223
701 702 209
3356 7018 206
1239 3356 205
3303 13237 201
209 1239 187
3356 6461 180
174 3549 178
3303 25462 178
701 3549 175
174 13237 172
174 25462 169
174 701 165
19151 25462 165
3356 25462 157
1299 3356 152
1239 3549 151
701 703 151
286 13237 150
174 3303 146
3257 3356 141
5413 25462 141
8001 25462 140
2497 2516 139
209 3356 137
3356 6453 135
3303 3549 135
3549 7018 135
3303 3356 134
286 25462 134
13237 19151 131
174 6453 127
701 3561 126
174 1299 126
174 1239 126
1299 13237 126
3356 3561 125
286 3303 125
5413 13237 124
2914 3356 120
8001 13237 119
3549 6461 119
16150 25462 119
3549 6453 117
174 7018 116
174 3257 115
4323 7018 115
701 2914 114
1299 3549 113
3549 13237 113
174 286 113
3257 3549 112
13237 16150 112
3303 5413 110
7018 7132 110
6461 25462 110
1299 3257 107
3303 19151 105
701 2828 105
1299 3303 104
3257 25462 104
3561 7018 103
3303 6453 102
3257 13237 101
6539 19029 101
3320 3356 101
3213 25462 101
2516 6539 100
1299 3320 100
286 3549 100
3549 25462 100
3303 8001 99
2914 3549 99
3303 6539 99
1239 3561 97
286 5413 97
3257 3303 96
1239 4323 96
8001 19151 96
6539 8001 94
174 2914 93
3303 16150 92
209 3549 91
1299 6453 90
2497 2914 90
6461 13237 90
3257 3320 90
174 4323 88
5413 19151 88
6539 25462 88
1239 2914 87
6453 6461 87
3320 3549 87
174 8001 86
2828 3356 86
3549 3561 85
2914 6461 85
286 6453 85
174 209 83
6539 13237 83
3320 13237 83
174 3561 82
2516 3356 81
5413 8001 80
3303 6461 80
2497 6539 80
2516 3303 79
1299 5413 78
209 7132 78
3303 3320 78
286 6461 78
2497 3303 76
2914 6453 76
174 6539 76
6939 25462 76
3549 6939 75
702 8220 75
286 19151 75
3257 6453 74
1299 6461 74
701 3320 74
3320 6453 74
286 1299 74
2914 3257 73
701 6461 72
286 16150 72
3356 19029 71
1239 3303 71
2914 7018 71
1239 2828 71
2828 7018 71
174 6939 71
701 6453 70
5413 16150 70
174 2828 70
3257 6461 70
174 5413 69
2914 3303 69
2516 4637 69
2516 3549 69
2914 3491 69
2497 3356 68
3213 8001 68
3213 19151 68
6539 19151 68
2516 13237 68
1239 6453 67
209 2828 67
3303 6939 67
6939 19151 67
3549 16150 66
3257 19151 66
174 8928 66
702 3356 66
286 3320 66
3491 3549 66
1239 1299 65
1299 2914 65
2516 8001 65
3491 25462 65
3303 12956 64
174 1273 64
4323 7132 64
3356 7132 64
286 8001 64
174 2516 63
3491 6453 63
701 3257 62
2914 3561 62
3303 4637 62
2516 15412 62
1239 3320 62
3549 5413 61
1239 3257 61
2914 13237 61
2497 13237 61
3356 4637 61
3786 18302 61
6539 6939 61
286 3257 61
2497 3549 60
3549 12956 60
209 3561 60
1299 8001 60
6939 13237 60
2914 6539 60
3303 3491 60
1668 3356 59
13237 19029 59
1239 6461 59
1239 2516 59
2497 8001 58
701 1299 58
2828 3549 58
2516 19029 58
702 1239 58
702 3549 58
3213 3356 57
3213 5413 57
1299 3561 57
1273 3356 57
702 3320 57
19029 25462 57
8001 19029 56
812 8001 56
3303 6762 56
1239 4637 56
5511 6453 56
812 6539 56
2914 3320 56
3491 13237 56
3491 19151 56
4766 9318 55
3549 6762 55
3549 4637 55
3356 5511 55
6461 8001 55
6453 6539 55
852 6539 55
174 7132 55
701 3491 55
2497 25462 55
6453 12956 54
6762 12956 54
5413 6453 54
1273 3303 54
1239 19151 54
2497 4637 54
293 3356 54
6453 6762 53
6461 19151 53
2516 6453 53
3303 7132 53
3549 7132 53
1299 3491 53
3356 12956 52
174 16150 52
2497 15412 52
6939 8001 52
286 702 52
2497 19029 51
1299 12956 51
701 3303 51
2828 4323 51
174 5511 51
3549 5511 51
4637 6539 51
6539 7132 51
3491 6939 51
2497 6453 50
1299 6762 50
2914 15412 50
2516 3257 50
293 2516 50
2497 7132 50
3320 3561 50
286 1273 50
3257 6762 49
3356 6762 49
6461 7018 49
3561 6461 49
209 6461 49
293 2497 49
702 1273 49
286 12956 49
3257 3561 48
174 2497 48
1239 2497 48
3303 8220 48
6461 6539 48
4755 9498 48
2516 6939 48
2516 7132 48
3491 6539 48
2497 3257 47
174 12956 47
812 3303 47
3303 6830 47
1239 12956 47
2828 3561 47
4637 6453 47
5511 12956 47
2516 6461 47
2516 19151 47
702 1299 47
3561 6453 46
1239 6762 46
1273 3549 46
3257 5511 46
1239 5511 46
4323 6539 46
3557 6539 46
293 3549 46
3320 8220 46
3356 8928 46
702 13237 46
702 25462 46
701 2497 45
174 6762 45
174 19029 45
209 2914 45
1299 5511 45
1299 6939 45
3561 7132 45
3320 6461 45
174 3213 44
1273 6453 44
20562 24785 44
852 3303 44
5511 6762 44
2497 6461 44
3561 6539 44
6539 11164 44
2516 10026 44
2516 3557 44
6453 7132 44
2516 3320 44
3257 12956 43
3257 7018 43
174 4637 43
1299 8928 43
286 2914 43
286 6939 43
2516 3491 43
3491 8001 43
3561 4323 42
701 6762 42
1273 3257 42
1273 1299 42
1273 6461 42
5413 6461 42
293 13237 42
2516 12956 42
852 2516 42
702 3257 42
8001 12956 41
2828 7132 41
3320 12956 41
3320 6539 41
702 6453 41
1668 3549 40
2914 19029 40
2497 19151 40
701 5511 40
4323 6461 40
6939 19029 40
209 2516 40
3320 4637 40
3320 6762 40
286 6762 40
2497 4323 39
209 3303 39
6453 7018 39
2914 12956 39
2914 6762 39
19029 19151 39
2828 2914 39
1299 4637 39
6327 6539 39
293 2914 39
2516 4725 39
7132 12956 39
1221 7474 39
8928 13237 39
286 4637 39
8928 25462 39
209 6453 38
3303 4323 38
1299 7018 38
174 8220 38
2828 3303 38
852 4637 38
4637 5511 38
6461 12956 38
2828 6461 38
293 8001 38
293 7018 38
7132 13237 38
3320 5511 38
702 5400 38
2497 3491 38
3356 5400 37
2497 3557 37
2497 11164 37
3303 3557 37
2914 4323 37
4637 6762 37
3561 4637 37
2914 5511 37
5413 6939 37
293 1239 37
293 701 37
2516 4323 37
4637 7132 37
1273 3320 37
2497 3320 37
702 2686 37
702 5413 37
702 2914 37
3491 4637 37
286 3491 37
3491 15412 37
3491 5413 37
701 12956 36
5400 6453 36
2497 4725 36
3356 8220 36
1668 2914 36
209 4637 36
4637 6461 36
2516 6762 36
6762 7132 36
3320 7018 36
3303 8928 36
1668 6453 35
701 1668 35
3549 5400 35
11164 19029 35
3303 11164 35
1273 8001 35
7018 12956 35
2914 5413 35
812 852 35
3257 7132 35
293 7132 35
1299 7132 35
3491 6762 35
209 2497 34
1299 1668 34
1239 1668 34
1273 5413 34
2497 7018 34
852 12956 34
1299 2828 34
2497 6939 34
174 293 34
293 3561 34
3320 5400 34
3320 8928 34
1668 3561 33
209 3257 33
812 6453 33
3549 8220 33
852 6453 33
852 2497 33
4637 11164 33
5511 6461 33
6461 19029 33
4637 15412 33
1273 6539 33
293 6453 33
293 11537 33
293 1299 33
209 293 33
2516 5511 33
852 7132 33
702 6762 33
209 1299 32
174 6830 32
3303 5400 32
3303 6730 32
2828 3257 32
2828 6453 32
2497 2828 32
5511 7018 32
6461 6762 32
10026 15412 32
293 3257 32
702 6461 32
7132 25462 32
3303 20940 31
1239 5400 31
1273 6762 31
7018 8001 31
3257 8220 31
852 4323 31
174 852 31
1273 6939 31
2516 2828 31
209 3320 31
3257 4323 30
1668 2497 30
1668 3257 30
4323 8001 30
3561 19029 30
174 812 30
1273 5400 30
852 1239 30
1273 4637 30
6461 8220 30
1668 6461 30
6939 12956 30
6939 16150 30
286 3561 30
702 3491 30
2497 10026 29
6453 7473 29
4323 12956 29
3561 8001 29
209 12956 29
1299 5400 29
701 19262 29
1273 2497 29
1239 8220 29
1273 5511 29
3303 15412 29
3320 7473 29
3320 7132 29
1668 3320 29
702 5511 29
3491 19029 29
1668 12956 28
812 3549 28
174 4589 28
1239 16150 28
6762 7018 28
4323 19151 28
4637 7473 28
4323 4637 28
4637 6939 28
293 6461 28
2516 9225 28
1273 7132 28
3491 16150 28
3491 7132 28
3257 5400 27
209 1668 27
812 12956 27
209 6762 27
701 5413 27
174 7473 27
1239 10026 27
1273 12956 27
1299 8220 27
852 6762 27
1668 2828 27
8220 13237 27
2828 4637 27
209 5511 27
3356 7911 27
293 2828 27
2516 7473 27
5511 7132 27
2516 4134 27
2914 4134 27
3549 6830 26
3549 20940 26
701 2686 26
5400 6762 26
174 20940 26
3303 22822 26
2914 8220 26
852 6327 26
4323 13237 26
3561 5511 26
6461 15169 26
293 5511 26
812 7132 26
1668 7132 26
174 577 26
6453 8928 26
4134 6453 26
174 4134 26
3320 4134 26
174 6128 26
702 12956 26
286 5400 26
2497 7473 25
1668 4323 25
209 7473 25
701 22773 25
1299 4323 25
2497 9225 25
1280 3356 25
174 14717 25
1239 7473 25
2686 7018 25
8220 12874 25
852 3561 25
852 1299 25
3216 20485 25
1668 4637 25
1239 15412 25
1280 2516 25
852 3320 25
293 3320 25
3303 4134 25
1239 4134 25
702 16150 25
286 8220 25
3491 12956 25
5400 25462 25
3356 10026 24
3356 7473 24
4323 6762 24
3356 22773 24
1257 3303 24
3303 15169 24
1273 3561 24
3216 8342 24
1668 7018 24
5400 7018 24
6453 8220 24
2914 20940 24
209 852 24
6830 13237 24
4637 10026 24
852 6461 24
7473 15412 24
6539 15290 24
293 1668 24
7018 10910 24
5400 7132 24
4323 4436 24
3257 4134 24
1299 4134 24
2828 3491 24
20562 25462 24
3267 25462 24
3303 8075 24
2686 3549 23
2497 5400 23
5400 8001 23
3549 15169 23
1299 20940 23
1299 6830 23
174 15557 23
701 14551 23
1280 2497 23
1280 3549 23
3549 22822 23
3303 7473 23
1280 3303 23
7018 8220 23
4637 5400 23
3356 4355 23
5400 5511 23
3356 15412 23
2516 4716 23
2516 5400 23
7132 15169 23
7132 11164 23
4134 12956 23
4134 4637 23
4134 7132 23
3549 4134 23
209 4134 23
3303 10310 23
702 3561 23
286 8928 23
3213 3491 23
1668 3491 23
20485 25462 23
3549 8075 23
2497 4716 22
3561 5400 22
209 5400 22
1257 3549 22
4323 19029 22
174 8657 22
174 1280 22
1273 19029 22
1273 4323 22
7018 10026 22
7018 22773 22
721 27064 22
2914 4635 22
852 1668 22
852 3557 22
3292 3303 22
174 3292 22
13237 20940 22
2828 5511 22
1257 6461 22
6461 20562 22
6939 20940 22
6539 20940 22
6539 15412 22
293 1273 22
293 6939 22
2516 20940 22
7132 16150 22
577 6539 22
3303 4436 22
1273 8928 22
2497 4134 22
6453 8075 22
6830 12956 21
3549 7473 21
3257 6830 21
3356 6830 21
3257 20940 21
6453 20940 21
2686 3356 21
8001 13768 21
2497 15169 21
6453 15169 21
174 2686 21
174 3557 21
174 11164 21
3267 20485 21
1299 20485 21
812 19151 21
852 2828 21
6461 13768 21
701 7385 21
3257 15412 21
13237 15412 21
1280 6539 21
293 4323 21
2914 9304 21
701 10910 21
577 6453 21
2516 4436 21
4436 6539 21
3549 4436 21
1239 8928 21
4134 6762 21
701 4134 21
4134 5511 21
3356 10310 21
702 6830 21
286 20940 21
286 1668 21
286 6830 21
293 3491 21
4323 25462 21
1299 8075 21
1239 8075 21
2914 8075 21
3356 8075 21
6453 6830 20
5400 12956 20
1257 6453 20
3356 15169 20
1257 1299 20
1299 15169 20
174 8881 20
3356 25973 20
3257 22822 20
3303 8966 20
3303 5089 20
3303 4725 20
1239 15169 20
1257 1273 20
3356 6395 20
2914 4788 20
2914 3213 20
2914 6830 20
1299 3292 20
3292 3549 20
4637 20940 20
4637 4725 20
1668 5511 20
1280 6461 20
6762 6939 20
6939 11164 20
6539 22822 20
293 19151 20
2516 15169 20
2516 4713 20
2152 3356 20
7132 15412 20
6830 7132 20
3320 6830 20
2828 4134 20
4134 7018 20
2516 10310 20
3320 10310 20
3549 10310 20
6128 6461 20
702 6730 20
702 3292 20
286 5089 20
209 286 20
3491 8928 20
3491 20940 20
15412 25462 20
3549 10026 19
4589 6453 19
3257 5089 19
2686 3257 19
2497 9505 19
1257 12956 19
3356 13768 19
6762 7473 19
1299 2686 19
6453 8657 19
209 1280 19
4323 11164 19
3303 4589 19
2686 3303 19
3303 22773 19
3303 6667 19
2497 8220 19
2914 3292 19
19151 22822 19
11164 19151 19
1257 13237 19
3292 13237 19
8881 13237 19
13237 22822 19
4637 15169 19
6762 15412 19
209 15412 19
9505 15412 19
812 6939 19
3213 6939 19
2516 6830 19
7132 7473 19
4725 7132 19
4436 7132 19
7132 8928 19
4134 4323 19
3561 4134 19
852 4134 19
2497 10310 19
6453 10310 19
6128 7132 19
3356 6128 19
702 5089 19
286 2686 19
3491 4788 19
3491 11164 19
8468 25462 19
22822 25462 19
2497 8075 19
3356 5089 18
12956 20940 18
1668 5400 18
1257 2497 18
1257 3257 18
2497 8966 18
209 15169 18
6762 6830 18
4323 22773 18
5413 20940 18
1299 5089 18
174 4788 18
174 5089 18
174 9505 18
2497 4713 18
4725 6453 18
3356 4725 18
209 4725 18
174 19262 18
2497 22822 18
3549 6667 18
3303 8657 18
3303 6327 18
3303 4766 18
3209 3303 18
3303 13768 18
3303 23352 18
3303 9318 18
812 1273 18
3561 8220 18
1280 2914 18
852 15290 18
3292 6453 18
5089 13237 18
3209 13237 18
13237 23352 18
1280 4637 18
4635 4637 18
701 15270 18
6461 8657 18
5089 6461 18
6432 6461 18
703 4637 18
4323 15412 18
4725 15412 18
6939 13768 18
6830 6939 18
4355 6539 18
293 5400 18
1257 2516 18
3320 20940 18
3320 4725 18
3320 22822 18
1299 18695 18
3356 18695 18
4436 13237 18
5617 12968 18
5413 8928 18
4134 4837 18
1299 10310 18
3257 10310 18
702 1668 18
286 4589 18
286 3292 18
286 15412 18
852 3491 18
20940 25462 18
6830 25462 18
6667 25462 18
2828 8075 18
3257 8075 18
3561 8075 18
4788 6453 17
701 6327 17
2497 6830 17
3561 7473 17
3356 4589 17
4323 7473 17
4323 6830 17
6327 8001 17
5089 8001 17
1257 3356 17
3300 3549 17
3257 8966 17
812 6327 17
12956 15169 17
3561 15169 17
1257 6762 17
4589 5413 17
5089 5413 17
174 8966 17
3549 4725 17
1280 3257 17
1280 6453 17
209 19262 17
3561 25973 17
174 6667 17
3303 8881 17
42 3303 17
3300 3303 17
3303 15290 17
1239 3300 17
1273 8657 17
1668 8220 17
2914 4716 17
852 15169 17
852 7473 17
3356 6730 17
3292 12956 17
3257 3292 17
2828 8220 17
4589 13237 17
6805 13237 17
3300 4637 17
4637 8220 17
13237 20676 17
174 20676 17
6539 7473 17
1239 9498 17
3303 23148 17
6453 23148 17
2516 8966 17
2516 22822 17
12306 13237 17
2152 2516 17
3292 3320 17
2686 3320 17
577 3549 17
2516 8928 17
8001 8928 17
6939 8928 17
3303 8068 17
4134 20940 17
4134 6539 17
10310 13237 17
2828 6128 17
3303 6128 17
702 1257 17
702 703 17
3356 11686 17
5089 25462 17
4355 25462 17
8075 12956 17
7018 8075 17
293 8075 17
2497 4589 16
3549 4589 16
3356 4788 16
4323 10026 16
2686 12956 16
2686 6453 16
701 11486 16
2497 15290 16
701 15290 16
701 10912 16
6830 8001 16
209 20940 16
3549 8881 16
4323 4766 16
2497 3300 16
6453 8966 16
42 2497 16
812 4323 16
3561 22773 16
5400 5413 16
1299 4589 16
1299 3209 16
174 3300 16
174 6805 16
3356 8657 16
701 1280 16
8001 22822 16
3303 13030 16
3303 23393 16
3303 25973 16
1239 4788 16
2497 12008 16
5413 8220 16
2914 4766 16
2914 3300 16
2914 22773 16
2914 9318 16
5400 6730 16
3292 6762 16
3292 3356 16
7018 10913 16
8468 19151 16
852 19151 16
6730 13237 16
13030 13237 16
13237 20562 16
6667 13237 16
3741 8001 16
4637 4766 16
5511 20940 16
8151 11172 16
3741 6461 16
812 6461 16
6461 12008 16
6461 24785 16
4635 15412 16
3557 6939 16
6539 8966 16
5400 6539 16
6539 9505 16
6539 15169 16
6539 25973 16
3257 23148 16
174 23148 16
3356 23148 16
2516 4788 16
2516 4766 16
2516 8220 16
2516 9505 16
2516 3300 16
209 2152 16
1257 7132 16
1280 7132 16
3320 6730 16
577 2828 16
577 3303 16
577 1239 16
577 7132 16
577 2914 16
703 7474 16
3561 18695 16
701 18695 16
3257 18695 16
2497 4436 16
3561 4436 16
8928 20940 16
6539 8928 16
2497 8928 16
3549 8068 16
6539 10310 16
1299 6128 16
2914 6128 16
702 3209 16
286 10310 16
286 8881 16
286 12306 16
286 15169 16
286 3300 16
286 8068 16
286 22822 16
2529 8001 16
812 3491 16
3300 3491 16
4589 25462 16
5462 25462 16
23352 25462 16
6762 8075 16
5511 8075 16
4637 8075 16
701 8075 16
2497 6327 15
3786 10026 15
3561 4788 15
2497 9318 15
2497 6079 15
3356 6327 15
3356 23352 15
4589 8001 15
1257 8001 15
3257 12874 15
4766 12956 15
8001 8966 15
3786 9457 15
3549 6432 15
3356 6432 15
1668 15169 15
8001 15169 15
3209 3549 15
2686 6762 15
8001 23393 15
12956 22773 15
5413 6830 15
1299 8359 15
1299 6432 15
3257 8657 15
174 11867 15
4725 6762 15
8001 25973 15
2497 6667 15
3303 15557 15
3303 19548 15
1239 8966 15
3303 12008 15
1273 20940 15
701 13789 15
7018 10912 15
852 22822 15
852 4725 15
1239 3292 15
5089 19151 15
8220 19151 15
19151 20940 15
13768 19151 15
19151 20562 15
2828 5413 15
2828 4725 15
3303 5430 15
12654 13237 15
42 13237 15
13237 15169 15
2686 13237 15
174 3741 15
4637 4788 15
4637 4657 15
4637 9505 15
4355 13237 15
174 4355 15
1239 4837 15
5511 6830 15
6461 10026 15
6461 11164 15
852 15412 15
15412 22822 15
9318 15412 15
4589 6939 15
1257 6939 15
4788 6539 15
6539 6830 15
6539 22773 15
6539 9318 15
293 4788 15
7018 9498 15
2516 13768 15
2516 9318 15
3303 12306 15
7132 8657 15
4766 7132 15
7132 10026 15
7132 9318 15
577 1299 15
209 577 15
4436 12956 15
3257 4436 15
8928 16150 15
1299 8068 15
174 12989 15
3303 12989 15
4134 4436 15
10310 12956 15
8001 10310 15
10310 19151 15
2516 6128 15
3561 6128 15
702 6667 15
286 1257 15
286 20562 15
286 6667 15
2529 6461 15
2529 3356 15
3491 9505 15
3491 9304 15
3741 25462 15
2686 25462 15
2529 25462 15
12989 25462 15
6730 25462 15
3303 12222 15
2516 12222 15
3549 12222 15
3356 12222 15
3549 8708 14
701 4788 14
7473 12956 14
3257 10026 14
3356 27524 14
5089 6830 14
5089 12956 14
701 4657 14
2686 3561 14
701 18534 14
701 22298 14
4323 9505 14
3356 8881 14
3300 8001 14
3300 5400 14
3561 13768 14
5400 8966 14
6432 8001 14
3257 6432 14
812 13768 14
6762 15169 14
4766 6762 14
2497 4565 14
8001 22773 14
3267 5568 14
3209 5413 14
2686 5413 14
1299 8966 14
3356 19548 14
174 13101 14
3557 4323 14
4725 12956 14
19029 22822 14
22822 23352 14
3257 6667 14
3303 5650 14
3303 8708 14
1239 4766 14
1239 1257 14
8001 8468 14
3356 12182 14
1273 5089 14
1273 4725 14
7018 14745 14
2914 18534 14
2497 3292 14
701 10913 14
8744 20485 14
2119 3303 14
6667 19151 14
2828 6830 14
2828 11164 14
5430 13237 14
6432 13237 14
2497 3741 14
5462 13237 14
5462 8001 14
1257 5511 14
6461 9318 14
703 1239 14
3549 9583 14
3356 7385 14
8001 15412 14
6939 27524 14
2686 6939 14
6939 8220 14
4589 6539 14
1257 6539 14
3602 6539 14
42 6539 14
4725 6539 14
6539 19548 14
293 15169 14
293 19401 14
293 3300 14
9498 9583 14
701 9498 14
5413 23148 14
2516 4589 14
2516 6327 14
42 2516 14
2516 14361 14
1913 27065 14
174 12306 14
3549 12306 14
2152 2153 14
1103 13237 14
42 7132 14
3292 7132 14
7132 9505 14
7132 15290 14
3320 8966 14
3320 5089 14
3320 6667 14
6461 8426 14
6389 12956 14
1299 5459 14
3303 5459 14
577 12956 14
577 2497 14
577 2516 14
577 4323 14
3320 18695 14
4436 8001 14
2914 4436 14
293 4436 14
852 4436 14
6762 10310 14
4637 10310 14
6128 6539 14
6128 12956 14
6128 8001 14
702 3300 14
702 20485 14
286 8657 14
286 15557 14
286 23148 14
286 1103 14
286 6805 14
286 5459 14
2529 13237 14
2529 5413 14
3491 8966 14
3491 6667 14
8657 25462 14
9009 25462 14
13037 25462 14
10310 25462 14
23148 25462 14
12306 25462 14
6805 25462 14
286 8075 14
8068 8075 14
3549 5650 13
2497 2500 13
2497 14361 13
2497 27524 13
10026 12956 13
3356 4716 13
3356 9318 13
3549 6517 13
3786 4323 13
10912 12181 13
3549 10912 13
8001 15290 13
3257 8881 13
3257 6908 13
3356 12874 13
3549 6805 13
1784 2497 13
3257 4766 13
209 3300 13
12956 13768 13
701 13768 13
3209 3356 13
6762 8966 13
6762 22773 13
1299 10026 13
1299 18534 13
1299 8881 13
2497 19548 13
174 8708 13
174 36561 13
174 19548 13
6762 8657 13
8657 12956 13
8001 8657 13
1668 4725 13
1280 20940 13
2497 25973 13
1299 25973 13
5413 22822 13
6667 8001 13
5413 6667 13
3356 6667 13
3303 27524 13
3303 3786 13
3303 6079 13
3303 6805 13
3303 13037 13
1239 4657 13
3303 5588 13
3257 5588 13
1273 25973 13
1273 6667 13
1299 8002 13
3257 8002 13
7018 19024 13
4766 7018 13
4635 9381 13
5089 8220 13
2914 8881 13
2914 7575 13
2914 24077 13
2914 4589 13
2914 3209 13
3257 8674 13
2497 6730 13
3257 6730 13
3292 5413 13
3356 10913 13
2497 4739 13
2914 4739 13
13037 19151 13
2828 3557 13
8657 13237 13
8966 13237 13
2119 13237 13
13237 13768 13
9318 13237 13
2905 3741 13
3741 13237 13
3741 6453 13
3741 5413 13
3303 8422 13
8422 13237 13
3786 4637 13
4637 22773 13
3303 5462 13
2497 5462 13
3356 5462 13
1237 9270 13
1299 4837 13
4837 12956 13
3257 4837 13
174 4837 13
1280 5511 13
4788 5511 13
2686 5511 13
4837 5511 13
6461 23342 13
4716 6461 13
4755 9583 13
2914 9583 13
3303 20676 13
3549 7385 13
3557 15412 13
5413 15412 13
3741 6939 13
3300 6939 13
3292 6939 13
6939 22773 13
4725 6939 13
3741 6539 13
6539 8220 13
293 4725 13
2516 3786 13
2516 6432 13
2516 22773 13
2516 6667 13
4635 9304 13
2152 3557 13
2152 19151 13
2497 4513 13
6432 7132 13
3320 4589 13
174 6389 13
5459 6453 13
577 6762 13
577 3561 13
577 1668 13
4436 4637 13
4436 20940 13
174 9145 13
4323 8928 13
5511 8928 13
3356 32787 13
1239 8068 13
3356 8068 13
6453 8068 13
174 9680 13
4134 4809 13
4134 6939 13
293 10310 13
852 10310 13
6128 13237 13
852 6128 13
293 6128 13
702 8708 13
286 7473 13
286 8708 13
286 25232 13
286 3209 13
286 25152 13
2497 2529 13
2529 19151 13
1239 11686 13
174 11686 13
3491 8881 13
3491 7575 13
577 3491 13
6327 25462 13
8422 25462 13
8881 25462 13
8426 25462 13
8708 25462 13
12654 25462 13
3327 25462 13
15169 25462 13
3209 25462 13
786 5413 13
8075 13237 13
8001 8075 13
6539 8075 13
852 8075 13
2828 12222 13
209 12222 13
6453 12222 13
6453 8708 12
3786 12956 12
3561 5650 12
6453 9318 12
3257 8708 12
16150 20940 12
3549 4657 12
3549 29748 12
3561 18534 12
3356 18534 12
701 14745 12
6453 24077 12
2497 4181 12
3356 15290 12
2686 8001 12
8881 12956 12
3257 13030 12
4766 10026 12
3300 3561 12
701 23520 12
4788 19029 12
13768 19029 12
3561 8966 12
2497 36561 12
42 3257 12
1237 3786 12
3209 12956 12
3209 6453 12
6830 22773 12
1257 5413 12
3300 5413 12
5413 8708 12
701 8657 12
5413 8657 12
3549 14492 12
2497 7091 12
2497 11867 12
701 4725 12
1280 4323 12
701 14717 12
701 32523 12
3356 14743 12
19029 25973 12
12956 22822 12
3303 8447 12
3303 25232 12
3303 6774 12
3356 19024 12
3216 3356 12
3216 3277 12
1239 6327 12
1239 13768 12
1239 19024 12
1239 5089 12
1239 3209 12
1299 8468 12
12182 14743 12
3549 12008 12
3356 12008 12
1273 6432 12
1273 8966 12
3356 8002 12
7018 12179 12
2914 3786 12
2914 4713 12
852 1280 12
852 1257 12
852 13768 12
3303 8674 12
3292 4323 12
3292 16150 12
1239 10913 12
42 19151 12
3300 19151 12
6432 19151 12
2828 5650 12
8121 13237 12
13101 13237 12
8560 13237 12
7575 13237 12
13237 15290 12
13237 25973 12
8674 13237 12
1273 3741 12
3741 19151 12
3549 8422 12
3356 8422 12
4637 22822 12
9009 13237 12
4355 19029 12
5413 5462 12
9318 18302 12
701 4837 12
3356 4837 12
5511 8657 12
6461 16265 12
6461 12654 12
6461 6677 12
2907 7660 12
6453 9583 12
1239 9583 12
701 9583 12
3356 9583 12
2497 20676 12
3549 20676 12
2914 20676 12
3356 20676 12
1239 7385 12
3300 15412 12
8966 15412 12
4788 6939 12
6432 6939 12
6939 15557 12
6939 8468 12
5650 6539 12
4181 6539 12
6079 6539 12
6539 23393 12
6432 6539 12
1784 6539 12
6539 12008 12
6539 11608 12
293 297 12
293 7473 12
293 13768 12
13237 23148 12
2516 6730 12
2516 5650 12
2516 2907 12
2500 2516 12
2516 8121 12
2516 4837 12
2516 6079 12
2516 15290 12
2516 12008 12
4637 9304 12
8001 29791 12
1239 10910 12
1103 3303 12
7132 13768 12
4181 7132 12
3320 4837 12
3320 9583 12
3320 12874 12
6389 6762 12
5413 5459 12
4436 19029 12
4436 23352 12
2818 3303 12
3549 32787 12
6762 8068 12
8068 12956 12
8068 13237 12
3320 8068 12
174 1290 12
724 27066 12
5413 6320 12
8001 12989 12
4134 19151 12
7018 10310 12
5511 10310 12
702 12874 12
286 2818 12
286 6730 12
286 5462 12
286 1200 12
1239 2529 12
2529 6539 12
3491 12989 12
3491 4657 12
3491 8708 12
3491 20676 12
1784 3491 12
21414 25462 12
6908 25462 12
42 25462 12
13768 25462 12
25462 32787 12
8966 25462 12
9505 25462 12
13101 25462 12
2119 25462 12
6432 25462 12
15290 25462 12
6695 25462 12
9318 25462 12
2914 12222 12
3549 14361 11
3549 27524 11
3549 3786 11
6327 12956 11
3549 4716 11
6830 16150 11
9318 12956 11
4589 7473 11
3356 8708 11
3356 14361 11
3356 6517 11
701 14742 11
2497 11608 11
701 13790 11
6453 18534 11
3561 14745 11
3257 22298 11
3549 22298 11
3356 22298 11
701 24077 11
701 4775 11
3356 10912 11
3561 10912 11
8001 27524 11
209 18990 11
209 4716 11
8001 8881 11
3549 12874 11
6453 8167 11
3549 8359 11
8001 13030 11
3356 4544 11
701 4766 11
6327 19029 11
1784 19029 11
11404 19029 11
7473 8966 11
42 6453 11
812 1257 11
812 6830 11
10026 15169 11
701 3209 11
3549 11537 11
12956 23393 11
3356 4565 11
19029 22773 11
2497 17697 11
5413 6805 11
5413 8881 11
1299 12874 11
1299 22298 11
3257 29686 11
174 6774 11
174 31216 11
1299 8447 11
701 12180 11
3267 3277 11
8001 13037 11
5413 13037 11
12956 19262 11
1299 32523 11
2497 7575 11
3561 36184 11
3549 36184 11
1299 12654 11
1299 20965 11
3303 12322 11
3303 8359 11
3303 8121 11
3303 36561 11
3303 29686 11
3303 4181 11
3303 8560 11
3303 14361 11
3303 12874 11
3303 6677 11
3303 4648 11
3216 8732 11
1239 18534 11
1239 10912 11
1239 5650 11
1239 6432 11
1239 6667 11
3303 8468 11
3561 12182 11
1273 4788 11
7018 22822 11
4788 7018 11
297 3549 11
8220 8359 11
701 16164 11
2914 9381 11
2914 32523 11
2914 4657 11
42 2914 11
1200 2914 11
2914 22298 11
2914 5650 11
2914 12008 11
3549 8674 11
6730 8001 11
3292 8001 11
3561 10913 11
701 4739 11
4589 19151 11
8966 19151 11
13030 19151 11
14361 19151 11
19151 23393 11
2828 22298 11
5400 5430 11
2497 5430 11
13237 27524 11
4788 13237 11
6327 13237 11
4766 13237 11
8708 13237 11
13237 29686 11
8468 13237 11
9505 13237 11
13237 25232 11
13237 23393 11
13037 13237 11
3741 4323 11
2497 8422 11
4637 8657 11
4637 6327 11
4637 4716 11
3303 9009 11
5462 19029 11
3257 5462 11
3303 25152 11
4837 7018 11
2914 4837 11
5089 5511 11
6461 8002 11
4739 6461 11
6461 11608 11
3356 12885 11
703 2497 11
1299 9583 11
7018 9583 11
5713 6453 11
6805 6939 11
5650 6939 11
6539 27524 11
6539 8657 11
4766 6539 11
6539 8121 11
5462 6539 11
4565 6539 11
6539 6667 11
293 8657 11
293 5650 11
701 23148 11
19151 23148 11
2516 27524 11
2516 8881 11
2516 4181 11
2516 5430 11
2516 25973 11
2516 4565 11
2516 19548 11
703 2516 11
2516 4648 11
3257 12306 11
6939 12306 11
3303 29791 11
4323 4513 11
2914 4513 11
1103 5413 11
7132 8422 11
7132 19548 11
7132 23352 11
3320 18534 11
3320 9304 11
8426 13237 11
6939 8426 11
5413 8426 11
812 6389 11
3549 6389 11
7474 10223 11
4436 6762 11
812 4436 11
3303 9145 11
9145 13237 11
8928 23148 11
6432 8928 11
16559 19029 11
4637 8068 11
2497 9680 11
2516 9680 11
12859 13237 11
6539 12989 11
12989 13237 11
5413 12989 11
3356 12989 11
702 4788 11
702 3216 11
702 1200 11
702 8359 11
286 12989 11
286 3741 11
286 12859 11
286 5588 11
286 16265 11
286 8560 11
286 8918 11
286 13768 11
286 22773 11
286 6774 11
286 6320 11
1299 2529 11
2529 13037 11
2529 6453 11
3491 15557 11
3491 8121 11
3491 5462 11
12859 25462 11
25232 25462 11
7575 25462 11
15557 25462 11
5588 25462 11
13030 25462 11
20676 25462 11
5459 25462 11
6128 25462 11
786 8001 11
786 3303 11
786 25462 11
286 786 11
3257 12222 11
12222 20940 11
293 12222 11
8708 16150 10
4716 10026 10
701 1785 10
16150 23352 10
3257 14361 10
3356 3786 10
3356 7922 10
3356 6079 10
20940 23352 10
3356 4657 10
2497 2907 10
2686 16150 10
1668 6327 10
6453 11608 10
3356 13790 10
5400 16150 10
1668 18534 10
3257 18534 10
2856 5089 10
3561 22298 10
1668 22298 10
4788 24077 10
3356 24077 10
3356 4181 10
3549 16815 10
3356 15557 10
701 9505 10
3356 9505 10
4775 10026 10
5650 8001 10
4181 8001 10
209 3786 10
6453 12874 10
701 8167 10
4323 4648 10
8001 8121 10
8121 20940 10
3356 6805 10
3300 19029 10
5400 19029 10
6432 19029 10
3549 17379 10
15169 19029 10
6762 12874 10
6762 8708 10
3549 4565 10
812 22773 10
1668 22773 10
4651 6453 10
5413 15169 10
5413 12713 10
5413 13768 10
5413 9191 10
3246 5413 10
5413 13030 10
5413 23352 10
5413 6774 10
1299 8560 10
1299 23393 10
1200 1299 10
1299 23352 10
1299 24077 10
3549 23342 10
8001 19548 10
701 9299 10
174 9191 10
174 26163 10
174 8560 10
3549 12180 10
3257 14492 10
701 14492 10
3356 14492 10
701 11867 10
1280 3557 10
2497 13037 10
701 12179 10
3356 12179 10
11164 20940 10
3561 32523 10
3356 32523 10
6453 32523 10
701 14743 10
5413 12654 10
812 22822 10
16150 22822 10
6667 16150 10
3303 33970 10
3303 4716 10
3246 3303 10
3303 8763 10
3303 11537 10
3303 16265 10
3303 13101 10
2856 3303 10
3303 29748 10
3303 12713 10
3303 36628 10
1200 3303 10
3303 23342 10
3303 11608 10
3303 5410 10
701 19024 10
3561 19024 10
3549 19024 10
3216 8402 10
1239 23520 10
1239 24077 10
1239 8708 10
1239 8881 10
1239 8167 10
1239 4648 10
1239 12179 10
174 5588 10
3356 5588 10
12008 19029 10
1280 12008 10
1273 12874 10
3549 13789 10
3549 4761 10
701 8002 10
7018 14743 10
7018 13790 10
6983 7018 10
7018 12180 10
6432 7018 10
7018 15290 10
297 1239 10
297 701 10
297 7018 10
297 3356 10
297 6453 10
3549 7738 10
1299 16164 10
3257 16164 10
3356 16164 10
2914 8167 10
2914 12654 10
297 2914 10
852 22773 10
852 4648 10
7303 22927 10
5413 6730 10
3549 10913 10
20485 21414 10
3356 4739 10
2119 8001 10
2119 2497 10
2119 5413 10
4788 19151 10
2828 8966 10
2828 12008 10
1299 5430 10
3257 5430 10
3549 5430 10
5430 6453 10
5650 13237 10
13237 15557 10
8359 13237 10
4181 13237 10
1784 13237 10
4565 13237 10
12008 13237 10
7091 13237 10
8001 8422 10
4637 4761 10
4637 13768 10
4637 5650 10
4637 25973 10
4637 4755 10
4637 12008 10
5413 9009 10
701 29761 10
4355 11164 10
4355 6327 10
5462 22822 10
13237 25074 10
13237 25152 10
5511 6730 10
5511 8167 10
600 3112 10
174 15270 10
6461 9143 10
6461 19548 10
5588 6461 10
703 7473 10
703 1221 10
174 7228 10
1299 20676 10
7385 19029 10
7018 7385 10
2914 7385 10
4788 15412 10
15412 16150 10
6461 7784 10
4766 6939 10
3246 6939 10
5462 6939 10
1784 6939 10
6539 6730 10
6539 11404 10
6539 7575 10
6539 36628 10
6539 23352 10
6539 13037 10
6539 7091 10
4648 6539 10
293 6325 10
293 7575 10
293 4739 10
293 2153 10
3356 9498 10
1239 23148 10
2516 3741 10
2516 8422 10
2516 4355 10
2516 17697 10
2516 23393 10
2516 14492 10
2516 7660 10
2516 23342 10
2516 11608 10
2516 11867 10
6939 22212 10
6539 22212 10
6461 12306 10
12306 12956 10
1273 12306 10
174 2152 10
2152 6461 10
19151 29791 10
11537 22335 10
3320 16164 10
3320 12885 10
297 3320 10
3320 3557 10
3320 4648 10
1299 8426 10
3303 8426 10
4323 6389 10
3356 6389 10
5459 6762 10
5459 8001 10
3257 5459 10
8002 18695 10
8468 25577 10
4436 8121 10
174 12670 10
8001 9145 10
3356 9145 10
2818 3549 10
174 2818 10
5413 32787 10
6539 16559 10
6939 16559 10
8001 16559 10
5511 8068 10
5413 8068 10
1290 3303 10
1290 5413 10
6320 13237 10
10310 19029 10
5413 10310 10
174 22691 10
6128 6762 10
1668 6128 10
6128 19029 10
702 13030 10
702 5459 10
702 8674 10
286 6327 10
286 4766 10
286 3246 10
286 6067 10
286 12713 10
286 25973 10
286 6677 10
286 23352 10
286 24785 10
286 9318 10
286 5410 10
2529 5462 10
2516 2529 10
2529 4637 10
3561 11686 10
11686 19151 10
3491 6389 10
3491 9009 10
3491 8468 10
3491 23148 10
3491 19548 10
9191 25462 10
15703 25462 10
25462 31216 10
25462 27524 10
23393 25462 10
8068 25462 10
25462 25973 10
9145 25462 10
15879 25462 10
8674 25462 10
786 13237 10
6939 12222 10
3549 9191 9
3549 28513 9
3549 12322 9
6453 12322 9
3257 6079 9
701 12006 9
1200 6453 9
2500 2907 9
3257 29748 9
3257 8560 9
3549 8560 9
3549 11608 9
3549 13790 9
701 12181 9
2856 5400 9
3356 14745 9
3549 16086 9
3561 24077 9
3549 6677 9
701 7381 9
12956 15557 9
6453 15557 9
3267 21414 9
2497 2647 9
2856 8001 9
8001 13645 9
6774 8001 9
8881 16150 9
3356 8167 9
3561 8167 9
3356 8359 9
2497 13030 9
6805 12956 9
6805 8001 9
701 1784 9
3213 4589 9
3213 20940 9
3300 4755 9
19029 27524 9
1257 19029 9
5089 19029 9
5650 19029 9
4181 19029 9
9318 19029 9
701 6432 9
1668 6432 9
42 19029 9
812 15290 9
812 15169 9
6762 8167 9
812 23393 9
6453 23393 9
2497 36628 9
4565 19029 9
2153 11537 9
3549 12713 9
2856 5413 9
5413 8359 9
1200 5413 9
5413 6677 9
5413 6908 9
5413 9505 9
1299 15557 9
680 1299 9
1299 8400 9
1299 21414 9
1299 6695 9
812 19548 9
19548 22773 9
174 16086 9
174 22298 9
174 3246 9
174 9031 9
3557 7473 9
174 8447 9
3356 12180 9
209 14492 9
8001 11867 9
6453 7500 9
3549 4230 9
3557 4725 9
13037 20940 9
4323 13037 9
1299 16265 9
3549 16265 9
11164 15169 9
42 11164 9
3257 32523 9
1668 32523 9
7575 19029 9
3303 19318 9
3303 16086 9
3303 6695 9
3303 8341 9
3356 6316 9
3216 3549 9
1239 8151 9
1239 12180 9
1239 14492 9
1239 13790 9
1239 8400 9
1239 4775 9
5400 5588 9
5588 6453 9
174 6067 9
5413 6067 9
1239 12182 9
701 12182 9
3303 5388 9
1273 5588 9
1273 19548 9
1239 4761 9
701 4761 9
5413 5466 9
3303 8342 9
7018 12182 9
3786 7018 9
7018 13768 9
2687 7018 9
3303 8195 9
297 2497 9
8220 16150 9
3561 16164 9
2914 19024 9
2914 6079 9
2914 16164 9
2914 11608 9
852 23393 9
852 4766 9
852 19262 9
8674 16150 9
2497 8674 9
2914 8674 9
6140 7303 9
7303 11664 9
2200 3303 9
2200 6453 9
701 6730 9
701 17054 9
1257 2119 9
8708 19151 9
9505 19151 9
2119 19151 9
1784 19151 9
2129 3356 9
109 2914 9
5430 8001 9
5413 5430 9
13237 33970 9
8447 13237 9
3246 13237 9
5588 13237 9
3212 13237 9
2856 13237 9
13237 14361 9
6079 13237 9
12713 13237 9
13237 36628 9
2603 13237 9
1901 13237 9
1200 13237 9
8582 13237 9
6677 13237 9
13237 15879 9
6774 13237 9
11867 13237 9
5410 13237 9
2687 4637 9
4637 6730 9
4637 15290 9
4637 36561 9
4637 11608 9
4637 24077 9
9009 16150 9
174 9009 9
8001 9009 9
9009 19151 9
1299 29761 9
3549 29761 9
2914 29761 9
1668 29761 9
13237 24730 9
3561 5462 9
5089 5462 9
13237 35028 9
3303 35028 9
3356 16353 9
3356 25074 9
5413 25152 9
4637 4837 9
3209 5511 9
297 5511 9
3249 3303 9
3549 15270 9
2914 9929 9
6461 12713 9
6461 15395 9
6461 16164 9
6461 25180 9
3257 12885 9
3356 7228 9
1299 5713 9
19029 20676 9
5413 20676 9
22822 30094 9
1280 6939 9
3786 6939 9
6939 13645 9
6939 20562 9
6939 7091 9
6939 34305 9
3786 6539 9
6539 8422 9
6539 36561 9
6539 20676 9
6539 14361 9
2647 6539 9
293 20965 9
293 14361 9
293 3786 9
1273 23148 9
15412 23148 9
2516 7500 9
2516 4657 9
2516 20676 9
2516 2519 9
2516 16815 9
2516 7091 9
8001 22212 9
3303 22212 9
2497 22212 9
13237 26943 9
2152 2828 9
6539 29791 9
13237 29791 9
23393 29791 9
3356 29791 9
6461 23504 9
3303 23504 9
4513 19029 9
4513 13237 9
2516 4513 9
701 4513 9
4513 6539 9
3549 4513 9
1103 3549 9
7132 7575 9
7132 12322 9
6325 22335 9
3320 3573 9
3320 32523 9
3320 9498 9
680 3320 9
3320 8359 9
2129 3320 9
3320 12306 9
3320 9929 9
3320 14492 9
9132 13237 9
8001 8426 9
6389 7018 9
3257 6389 9
4637 6389 9
6389 6939 9
701 6389 9
6389 8001 9
852 6389 9
3303 27257 9
3549 27257 9
5459 12956 9
2914 7474 9
1299 15830 9
4436 23393 9
6539 9145 9
2516 9145 9
2818 13237 9
2818 5413 9
3257 32787 9
13237 16559 9
2516 16559 9
174 16559 9
8001 8068 9
7132 9680 9
9680 12956 9
7018 9680 9
1290 8001 9
12989 16150 9
4134 9318 9
4355 10310 9
6128 20940 9
702 3741 9
702 2129 9
702 1103 9
286 8447 9
286 4355 9
286 8359 9
286 9009 9
286 2856 9
286 7575 9
286 2119 9
286 15598 9
286 3333 9
286 1290 9
286 9145 9
286 24730 9
286 15879 9
2529 3561 9
11164 11686 9
3491 9191 9
3491 12306 9
3491 22212 9
3491 11608 9
3491 24077 9
8546 25462 9
12713 25462 9
25462 25577 9
6320 25462 9
15395 25462 9
16559 25462 9
19318 25462 9
25462 29686 9
16265 25462 9
6067 25462 9
9031 25462 9
25074 25462 9
1290 25462 9
12008 25462 9
6677 25462 9
6774 25462 9
786 1299 9
786 5089 9
786 19151 9
8075 19029 9
701 12222 9
4637 12222 9
2116 3549 8
3549 8400 8
12322 12956 8
3246 16150 8
701 5650 8
701 8400 8
3561 4716 8
3257 8400 8
1785 3356 8
1200 12956 8
3356 29748 8
3561 11608 8
3356 13645 8
3561 13790 8
3257 15395 8
3356 15395 8
3356 13101 8
3356 11643 8
2603 16150 8
3257 16086 8
18534 24077 8
3356 13005 8
15557 16150 8
5410 15557 8
2647 4323 8
9837 10026 8
6079 8001 8
2647 8001 8
8001 33970 8
3786 8001 8
559 3549 8
3257 16524 8
701 16524 8
3356 16524 8
6805 16150 8
6453 6805 8
3549 6303 8
701 6303 8
6079 19029 8
7473 19029 8
13645 19029 8
15290 19029 8
19029 23352 8
11608 19029 8
3549 36561 8
3356 36561 8
2497 2687 8
209 2687 8
812 5400 8
812 6432 8
15169 16150 8
3209 8001 8
3209 16150 8
1200 6762 8
6762 24077 8
3356 23393 8
4651 6762 8
5413 9031 8
5413 23393 8
5413 6327 8
5413 15290 8
5413 6695 8
5413 13101 8
5413 8560 8
559 1299 8
1299 8121 8
1299 9121 8
1299 16524 8
6453 9299 8
5413 29686 8
174 1901 8
174 33970 8
174 9121 8
174 5410 8
174 8167 8
174 8365 8
174 4780 8
1299 36408 8
3557 4648 8
3257 12337 8
3549 12337 8
8657 19029 8
7091 8001 8
7091 19029 8
11867 19029 8
2497 7500 8
4725 17676 8
1280 4565 8
4323 19262 8
6453 16265 8
3561 12179 8
3549 12179 8
11164 19548 8
11164 22773 8
9505 11164 8
10026 11164 8
4766 11164 8
4725 11164 8
7473 11164 8
174 32523 8
5413 7575 8
3356 36184 8
5413 25973 8
3557 22822 8
11164 22822 8
5413 8546 8
8001 8546 8
3213 8546 8
559 3303 8
3303 7500 8
3303 20640 8
3303 15395 8
680 3303 8
3303 5539 8
3303 26914 8
3303 31216 8
2603 3303 8
1901 3303 8
3303 16276 8
1239 14745 8
1239 3130 8
1239 36561 8
1239 4635 8
1239 23342 8
1239 13037 8
1239 8359 8
1239 11992 8
1239 5588 8
3549 6067 8
3549 12182 8
701 12008 8
8001 12008 8
3356 33363 8
1273 7575 8
1273 12713 8
1273 5388 8
1273 9505 8
4761 6453 8
2118 3267 8
3303 15703 8
1299 5466 8
5466 8001 8
1239 8342 8
5413 8342 8
5650 7018 8
7018 14492 8
7018 9505 8
3549 8195 8
3356 8195 8
237 3303 8
16164 18534 8
2914 13789 8
2914 17697 8
2914 19548 8
2914 4181 8
2914 12182 8
2914 4565 8
2914 3130 8
852 6079 8
1257 8674 8
2200 12956 8
174 2200 8
2200 3356 8
6730 19029 8
3246 3292 8
7018 12178 8
2914 7643 8
7643 18403 8
2914 10913 8
6453 20485 8
4739 7018 8
1239 4739 8
2119 16150 8
2119 4323 8
2119 3356 8
174 29944 8
15557 19151 8
19151 19318 8
5588 19151 8
2856 19151 8
2686 19151 8
19151 23342 8
6774 19151 8
109 1239 8
109 701 8
701 3573 8
2828 27524 8
5430 19151 8
3356 5430 8
13237 34655 8
8365 13237 8
12322 13237 8
13237 20640 8
8196 13237 8
13237 13645 8
9191 13237 8
680 13237 8
9143 13237 8
13237 16265 8
6067 13237 8
13237 31216 8
5466 13237 8
12337 13237 8
8341 13237 8
701 3741 8
1299 8422 8
5413 8422 8
4637 6079 8
42 4637 8
3213 9009 8
3303 13285 8
2828 29761 8
3257 29761 8
3561 29761 8
3303 24730 8
3557 4355 8
42 4355 8
174 25074 8
3303 25074 8
2914 25152 8
6453 26415 8
5511 8674 8
5511 9318 8
7018 15270 8
1239 9929 8
701 9929 8
6461 24730 8
6461 26914 8
6461 25152 8
6461 15879 8
703 2764 8
7018 7228 8
174 34305 8
8001 34305 8
5400 9583 8
3549 5713 8
2914 5713 8
1299 32641 8
3257 32641 8
3356 32641 8
4657 15412 8
2519 15412 8
3549 13878 8
3257 30094 8
701 7784 8
3549 7784 8
2110 3303 8
6939 25232 8
5466 6939 8
5588 6939 8
4716 6539 8
6539 13030 8
6539 8881 8
5430 6539 8
6539 7385 8
2119 6539 8
6539 23342 8
6539 11867 8
5413 6656 8
293 8121 8
293 6079 8
293 27524 8
101 293 8
293 4181 8
293 7091 8
42 293 8
293 4716 8
293 11867 8
293 15290 8
293 25973 8
1239 9800 8
2914 9498 8
1239 9269 8
3257 31084 8
2516 4544 8
2516 2687 8
1784 2516 8
19029 22212 8
12306 16150 8
12306 19151 8
3257 9304 8
9304 15412 8
3549 9304 8
1299 29791 8
6539 23504 8
8001 8897 8
3549 10910 8
3356 4513 8
293 4513 8
4648 7132 8
7132 19262 8
7132 36628 8
1784 7132 8
293 22335 8
3320 4761 8
3320 8447 8
3320 8121 8
3320 30094 8
3320 8400 8
3320 8167 8
3320 22298 8
3320 9800 8
3303 9132 8
3213 8426 8
4589 5459 8
5459 5511 8
6461 14340 8
2497 14340 8
3356 14340 8
1239 18695 8
8767 13237 8
5413 15830 8
3356 15830 8
3356 25577 8
7018 20115 8
4436 11164 8
7018 16838 8
3561 9145 8
9145 19029 8
3320 9145 8
8928 15830 8
174 16034 8
2818 6453 8
553 13237 8
553 3303 8
16559 19151 8
701 13791 8
3257 25560 8
3303 25560 8
8068 16150 8
3257 3333 8
3333 13237 8
3303 3333 8
6762 9680 8
1239 9680 8
5511 9680 8
1290 19151 8
1290 3356 8
2914 12859 8
3549 9167 8
12989 22773 8
812 10310 8
8001 22691 8
6539 22691 8
5769 6453 8
812 6128 8
702 9116 8
702 8400 8
702 2119 8
286 553 8
286 680 8
286 8763 8
286 30094 8
286 29686 8
286 6908 8
286 3212 8
286 5539 8
286 16034 8
286 28788 8
286 5466 8
286 8582 8
286 16276 8
286 12337 8
2529 3213 8
7018 11686 8
7132 11686 8
3491 33970 8
3491 13645 8
3491 16559 8
3491 25232 8
3491 20485 8
3491 4739 8
3491 6695 8
13645 25462 8
9143 25462 8
16034 25462 8
13285 25462 8
2110 25462 8
25462 29748 8
25462 30081 8
12389 25462 8
16086 25462 8
20679 25462 8
8365 25462 8
25462 33970 8
25462 26943 8
15772 25462 8
3246 25462 8
4181 25462 8
2647 25462 8
8918 25462 8
25462 29791 8
25462 36628 8
3333 25462 8
8582 25462 8
1784 25462 8
4565 25462 8
8897 25462 8
5410 25462 8
786 5459 8
3549 7922 7
3549 34270 7
680 3549 7
3549 5539 7
3549 18676 7
3549 8151 7
8434 16150 7
701 8151 7
701 28513 7
9318 16150 7
3212 6830 7
701 32644 7
680 3257 7
3257 32644 7
3356 9191 7
3356 32644 7
3356 34270 7
3561 29748 7
3549 12552 7
3356 8560 7
1668 6079 7
12491 22351 7
3561 11643 7
3356 12041 7
6453 12041 7
4323 7459 7
3561 6352 7
701 6352 7
3356 6352 7
701 22205 7
3549 22205 7
3549 14745 7
16086 16150 7
2686 16086 7
3561 14960 7
3356 14960 7
3561 4181 7
701 26914 7
3549 26914 7
3257 9031 7
3356 6677 7
6453 6677 7
3549 13005 7
701 16815 7
6453 16815 7
4589 8365 7
3356 4775 7
1901 3257 7
8001 15444 7
8001 12322 7
8001 31216 7
8001 9191 7
8001 19318 7
6677 8001 7
8001 8560 7
209 26914 7
2497 8069 7
6774 16150 7
4635 17888 7
4648 10026 7
701 14744 7
3561 16524 7
2497 4544 7
3549 4544 7
4766 16150 7
3602 6327 7
3213 5089 7
3213 9191 7
8121 19029 7
2497 9595 7
8001 15915 7
8001 36561 7
8001 8553 7
701 18101 7
2687 7473 7
812 12322 7
812 19752 7
2497 4780 7
3356 26910 7
3356 11588 7
6762 8400 7
6695 6762 7
42 6762 7
2497 17676 7
6762 9121 7
3549 9121 7
8001 36628 7
6453 36628 7
4565 8001 7
3265 3549 7
3265 16150 7
5413 8365 7
5413 7473 7
5413 19318 7
42 5413 7
3265 5413 7
1299 13030 7
1299 6908 7
1299 32644 7
1299 12713 7
1299 2603 7
1299 2116 7
1299 21502 7
701 23342 7
701 4983 7
3257 9299 7
174 4544 7
174 2116 7
174 6739 7
174 21502 7
174 13005 7
174 16815 7
174 9299 7
174 680 7
174 5539 7
174 2647 7
3549 36408 7
174 36408 7
3356 36408 7
3549 16276 7
8657 16150 7
6762 8447 7
5413 8447 7
3356 8447 7
3356 6983 7
3257 7500 7
1299 8196 7
5413 8196 7
3549 8304 7
3356 8304 7
4725 19029 7
1280 14492 7
16150 25232 7
13037 16150 7
3213 13037 7
3356 13037 7
1668 19262 7
3267 8402 7
1784 11164 7
4788 11164 7
9318 11164 7
558 3257 7
7575 16150 7
174 8851 7
3561 14743 7
174 31800 7
6762 12654 7
12654 12956 7
6453 12654 7
11537 20965 7
3356 20965 7
3213 6667 7
3327 6667 7
3303 34655 7
3303 30827 7
1785 3303 7
1836 3303 7
3303 9143 7
3303 14891 7
3303 8304 7
3303 6908 7
3303 36619 7
2116 3303 7
3303 21502 7
513 3303 7
3303 15879 7
3303 12337 7
3265 3303 7
3216 12695 7
1239 4544 7
1239 8447 7
1239 6983 7
1239 9808 7
1239 28513 7
1239 8069 7
1239 6774 7
1239 4983 7
11164 12008 7
1273 3216 7
1273 15395 7
1273 6774 7
10764 11537 7
7843 19548 7
3549 15703 7
3356 8342 7
174 6407 7
7018 14744 7
7018 8151 7
6352 7018 7
7018 28513 7
7018 19159 7
4775 7018 7
3356 21734 7
1299 8195 7
3303 8582 7
7018 9381 7
174 10466 7
2497 9824 7
7738 12956 7
7018 7738 7
6453 7738 7
1239 7738 7
701 7738 7
174 12715 7
2914 13005 7
101 2914 7
2914 12180 7
2914 14745 7
2914 10912 7
2914 33970 7
2914 9299 7
2914 12179 7
2914 4755 7
852 14361 7
852 3786 7
852 5650 7
852 36561 7
42 8674 7
209 8674 7
2200 15557 7
1273 2200 7
6730 16150 7
3356 12178 7
701 11856 7
1299 11856 7
3257 11856 7
3356 11856 7
1239 17054 7
1273 20485 7
2914 20485 7
4739 19029 7
3356 25180 7
8546 19151 7
8560 19151 7
2647 19151 7
6805 19151 7
3209 19151 7
4739 19151 7
5466 19151 7
12713 19151 7
6677 19151 7
15879 19151 7
5413 8943 7
2386 7018 7
2914 3573 7
19029 25700 7
2828 29748 7
2828 13790 7
2828 26914 7
8434 13237 7
13237 15444 7
8546 13237 7
8741 13237 7
13237 19318 7
8304 13237 7
6908 13237 7
5539 13237 7
13237 29748 7
13237 20485 7
9031 13237 7
8195 13237 7
2116 13237 7
13237 16086 7
13237 23342 7
3265 13237 7
2611 3257 7
2611 13237 7
174 13184 7
3741 7018 7
8422 19029 7
1280 8422 7
4544 4637 7
4637 9299 7
4637 4651 7
4565 4637 7
8001 13285 7
1299 35028 7
19151 35028 7
5413 35028 7
8001 35028 7
3257 16353 7
4651 5511 7
5511 22822 7
2200 5511 7
3249 13237 7
6461 8763 7
6461 16637 7
6461 13285 7
6461 15703 7
6461 8196 7
6461 19262 7
6461 16524 7
2647 6461 7
6461 16353 7
1299 12885 7
7473 24320 7
4725 7679 7
7228 19029 7
13237 34305 7
3303 34305 7
2497 2518 7
5713 7018 7
3356 5713 7
701 32641 7
9044 19151 7
2687 15412 7
1299 30094 7
13237 30094 7
3561 7784 7
7784 13237 7
2914 7784 7
3356 7784 7
174 2110 7
6939 8365 7
6939 11537 7
4837 6939 7
6939 11404 7
6939 13285 7
3265 6939 7
6539 12322 7
6539 13645 7
6539 7784 7
6539 16815 7
293 10764 7
293 4565 7
293 13645 7
9498 9829 7
5400 9498 7
7018 23148 7
3257 6661 7
3549 6661 7
174 6661 7
3303 6661 7
2510 2516 7
2516 13030 7
2516 4780 7
2516 4775 7
2516 17676 7
2516 8002 7
2516 10010 7
2516 7228 7
1299 34224 7
4761 4795 7
1273 22212 7
6539 20161 7
3303 26943 7
9063 12306 7
1299 9304 7
293 29791 7
3356 23504 7
3303 13193 7
1659 7539 7
1103 16150 7
1103 3257 7
4739 7132 7
5413 30081 7
3320 7738 7
3320 16524 7
3320 8560 7
3320 29761 7
3320 6677 7
3320 32641 7
3320 12337 7
9132 19151 7
5413 9132 7
6539 8426 7
701 21433 7
1239 26554 7
3356 26554 7
6327 6389 7
6389 19151 7
1126 5413 7
1126 3303 7
6453 27257 7
4637 5459 7
7474 10026 7
18695 32641 7
16164 18695 7
16524 18695 7
18695 32644 7
3549 18695 7
11856 18695 7
19151 25577 7
209 10933 7
209 20115 7
1239 16838 7
701 16838 7
13237 20773 7
3303 20773 7
1239 9145 7
8928 34655 7
8195 8928 7
6461 21844 7
3549 21844 7
2914 21844 7
3356 21844 7
2818 12956 7
2818 3320 7
2818 8001 7
701 27506 7
6939 32787 7
16150 32787 7
22822 32787 7
3213 32787 7
553 1299 7
553 680 7
174 553 7
1239 13791 7
13237 25560 7
174 25560 7
8068 19151 7
6539 9680 7
701 9680 7
1290 3213 7
1290 13237 7
3303 13301 7
6461 12859 7
1299 6320 7
6320 8001 7
812 12989 7
3213 12989 7
12989 27524 7
4355 12989 7
4637 12989 7
4134 9929 7
10310 11164 7
3557 10310 7
5769 6539 7
852 5769 7
702 15395 7
702 8918 7
13237 24167 7
174 24167 7
3303 24167 7
286 559 7
286 21155 7
286 8365 7
286 12322 7
286 15395 7
286 8196 7
286 3327 7
286 2611 7
286 5388 7
286 15290 7
286 1901 7
286 20773 7
286 34270 7
286 2200 7
286 3265 7
286 1140 7
1140 13237 7
2529 5459 7
2529 8546 7
3491 15444 7
3491 20640 7
3491 4761 7
3491 15830 7
3491 40009 7
3491 16815 7
3491 29748 7
3491 14492 7
21155 25462 7
15444 25462 7
4513 25462 7
8447 25462 7
15915 25462 7
8763 25462 7
8553 25462 7
25462 34305 7
15830 25462 7
6770 25462 7
22212 25462 7
5466 25462 7
12874 25462 7
21371 25462 7
6656 25462 7
7091 25462 7
8341 25462 7
9044 25462 7
11867 25462 7
9132 25462 7
20640 25462 7
5650 25462 7
8121 25462 7
25462 35028 7
25462 25560 7
2611 25462 7
21396 25462 7
16353 25462 7
8195 25462 7
25180 25462 7
3265 25462 7
786 8546 7
786 3213 7
812 8075 7
3549 16245 6
6453 9191 6
6327 16150 6
9191 16150 6
2116 16150 6
5410 16150 6
6453 28513 6
701 23172 6
3561 32644 6
3257 30827 6
3257 9143 6
3257 35908 6
3257 7922 6
701 11853 6
3356 28513 6
2116 3356 6
3356 12322 6
3549 8473 6
3257 41690 6
15772 21219 6
3549 15444 6
3549 31216 6
3356 31216 6
701 5049 6
701 12491 6
6453 22351 6
701 22351 6
701 11992 6
701 12041 6
3257 12041 6
3549 12041 6
3561 12181 6
2856 16150 6
3549 6352 6
3257 22205 6
3356 22205 6
15290 16150 6
6453 13005 6
9658 10026 6
226 567 6
4323 16815 6
3549 33070 6
3561 23028 6
4755 6453 6
6453 36617 6
3356 6181 6
3549 19318 6
8001 9031 6
8001 15395 6
5410 8001 6
2497 36619 6
6453 36619 6
2497 2514 6
209 29748 6
209 33070 6
209 11643 6
10026 17819 6
559 3356 6
5587 8001 6
4635 9505 6
1668 4648 6
3561 14744 6
701 13030 6
3549 40064 6
3213 9031 6
3213 33970 6
3213 15557 6
3213 8708 6
3213 13768 6
16150 20562 6
14361 19029 6
19029 25976 6
12111 19029 6
19029 36561 6
3213 8553 6
42 16150 6
2687 9505 6
4004 8001 6
513 3549 6
812 36561 6
812 27524 6
812 23352 6
2381 3356 6
4780 6453 6
101 3356 6
701 9237 6
11537 19029 6
3257 9121 6
3356 9121 6
19029 36628 6
12713 16150 6
5413 5587 6
4004 5413 6
5413 12390 6
5413 8737 6
5413 9143 6
5413 8683 6
1299 34655 6
1299 8365 6
1299 9143 6
1299 26914 6
1299 33070 6
1299 16245 6
3561 23342 6
701 6993 6
1299 29686 6
174 1785 6
174 8473 6
174 8763 6
174 2603 6
174 20640 6
174 559 6
174 15444 6
174 15915 6
174 3212 6
174 34270 6
174 8341 6
174 35985 6
174 2381 6
174 4775 6
1299 12695 6
3257 36408 6
3557 14361 6
3557 9505 6
3557 6327 6
174 12337 6
701 6983 6
174 6983 6
3549 6983 6
3561 12180 6
14492 22205 6
209 11867 6
5557 12956 6
701 4230 6
701 13778 6
174 8304 6
12956 16265 6
16150 16265 6
701 40177 6
3549 40177 6
11164 36561 6
11164 27524 6
3786 11164 6
6327 11164 6
5650 11164 6
11164 15290 6
8001 14891 6
558 3561 6
558 3549 6
558 3356 6
558 6453 6
6762 7575 6
174 36184 6
1668 36184 6
6453 36184 6
12654 16150 6
4847 7497 6
4648 22822 6
174 8546 6
3303 8434 6
3303 8473 6
3303 15535 6
3303 15915 6
3303 33419 6
3303 3327 6
3303 21392 6
3303 34088 6
3303 8737 6
3303 41690 6
1853 3303 6
3216 21414 6
71 1239 6
1239 12181 6
558 1239 6
1239 22205 6
1239 7575 6
1239 16086 6
1239 14743 6
1239 13778 6
1239 11553 6
1239 7381 6
1239 33070 6
1239 14744 6
1239 18676 6
1239 7332 6
3549 25394 6
8468 16150 6
6067 16150 6
6067 8001 6
5388 5413 6
3356 5388 6
3356 34763 6
1273 13645 6
15703 16150 6
1239 6619 6
1239 5466 6
5466 16150 6
701 8342 6
6327 6407 6
8002 16524 6
8001 8002 6
5006 7018 6
7018 14361 6
5049 7018 6
7018 18676 6
7018 10911 6
7018 23172 6
7018 11867 6
7018 18723 6
7018 33070 6
2497 9365 6
3549 21734 6
6762 27589 6
1299 27589 6
3549 27589 6
174 27589 6
5413 25310 6
3303 25310 6
5390 5413 6
3303 5390 6
8195 16150 6
3549 8582 6
5413 8582 6
3549 24785 6
6762 39386 6
6325 7018 6
3356 6325 6
27064 27066 6
174 237 6
3561 7738 6
3277 20764 6
209 29664 6
3356 29664 6
1299 5391 6
5056 7018 6
8002 16164 6
2914 12041 6
2914 4651 6
2914 9143 6
2914 9808 6
2914 9930 6
2914 33070 6
2914 17676 6
2914 9729 6
2914 7091 6
2914 4648 6
2914 14743 6
2914 8304 6
2914 14744 6
2914 4780 6
2914 36628 6
1784 2914 6
2914 24785 6
2914 17819 6
21202 29518 6
3549 29518 6
3303 29518 6
3549 9193 6
3303 9193 6
2497 13445 6
2914 13445 6
8001 41012 6
3213 6770 6
8246 15833 6
3303 22220 6
3292 33970 6
12337 33891 6
10913 22773 6
3561 11856 6
6762 20485 6
8402 20485 6
1280 4739 6
4739 11164 6
3561 29944 6
3549 29944 6
16030 19151 6
19151 20547 6
19151 33970 6
8447 19151 6
9191 19151 6
8359 19151 6
3246 19151 6
15772 19151 6
19151 29686 6
19151 41012 6
11537 19151 6
16265 19151 6
8553 19151 6
19151 25232 6
6770 19151 6
19151 29748 6
9031 19151 6
5388 19151 6
8582 19151 6
8002 19151 6
19151 34763 6
5410 19151 6
3356 13680 6
1273 2129 6
109 7018 6
5400 9829 6
6453 9829 6
3573 7018 6
6908 39326 6
3356 14833 6
559 13237 6
6871 13237 6
8473 13237 6
12676 13237 6
7795 13237 6
13237 14891 6
13237 15703 6
8683 13237 6
13237 20751 6
13237 29518 6
5587 13237 6
13237 28788 6
5390 13237 6
13237 34088 6
8737 13237 6
13237 21502 6
13237 16276 6
13237 25394 6
12902 13237 6
2611 5413 6
209 33588 6
16735 17379 6
8167 16735 6
3213 3741 6
8422 16150 6
4637 29664 6
4637 9225 6
4637 5388 6
4637 6774 6
4637 11553 6
13237 13285 6
3356 13285 6
13237 21385 6
19151 24730 6
3549 24730 6
3356 13385 6
4355 7575 6
1668 5462 6
3257 35028 6
8468 35028 6
3549 16353 6
174 20718 6
5413 25074 6
1299 6648 6
1239 6648 6
701 6648 6
4775 6648 6
3257 6648 6
2914 6648 6
7018 7029 6
174 29562 6
3303 29562 6
5511 14361 6
4761 5511 6
1200 5511 6
5511 12654 6
1299 3249 6
1239 3249 6
3249 5413 6
2914 15270 6
5413 8918 6
6461 13005 6
6461 12041 6
2129 6461 6
6461 33070 6
6461 8586 6
6461 34270 6
6461 8341 6
5557 6461 6
6461 16334 6
6461 28788 6
5413 6779 6
6779 8001 6
6779 19151 6
1239 12885 6
3549 17151 6
3356 17151 6
6461 14537 6
701 14537 6
3303 14537 6
6453 14537 6
7228 13237 6
9583 10026 6
7473 9583 6
5713 6461 6
174 5713 6
3561 32641 6
3257 9044 6
9044 13237 6
174 9044 6
8001 9044 6
174 9063 6
3303 9063 6
9063 13237 6
1668 20676 6
9381 15412 6
9299 15412 6
13237 20495 6
6461 16586 6
4323 16586 6
3356 16586 6
4637 4862 6
3561 30094 6
7784 8001 6
2110 5400 6
2110 8001 6
2110 3257 6
2110 13237 6
2110 5413 6
6939 7795 6
6939 21502 6
6939 24785 6
237 6539 6
6539 36619 6
6539 34305 6
4780 6539 6
6539 29748 6
6539 14492 6
6539 7228 6
2914 17444 6
6656 19151 6
6656 8001 6
3213 6656 6
293 2907 6
293 36561 6
293 23352 6
701 9800 6
7018 9800 6
2497 9800 6
4637 9800 6
701 20355 6
3356 20355 6
7018 20355 6
7473 9498 6
3257 9269 6
2914 9269 6
6661 13237 6
3356 6661 6
3356 31084 6
1785 2516 6
2516 9299 6
2516 4651 6
2516 11403 6
2516 19817 6
2516 6303 6
2516 7784 6
6539 27319 6
2497 27319 6
8001 27319 6
3356 34224 6
812 22212 6
11164 22212 6
1239 12083 6
3356 12083 6
4788 9304 6
9299 9304 6
1280 2152 6
7018 29791 6
19029 29791 6
2497 9370 6
2914 9370 6
13237 23504 6
8001 23504 6
6453 23504 6
19029 23504 6
6461 8897 6
3213 8897 6
8897 19151 6
8897 13237 6
3561 10910 6
3303 30776 6
1103 1273 6
7132 7843 6
7091 7132 6
13237 30081 6
3549 30081 6
16150 30081 6
3320 34655 6
559 3320 6
3320 7643 6
3320 32644 6
3320 5539 6
3320 11856 6
3320 11643 6
3320 6661 6
3320 12399 6
3320 16353 6
3320 24785 6
3320 16276 6
3320 6774 6
6461 8483 6
5413 8483 6
8483 13237 6
8001 9132 6
7018 21433 6
1126 3549 6
174 1126 6
6539 27257 6
2516 27257 6
3356 27257 6
3213 5459 6
1120 3303 6
5413 15773 6
5413 13122 6
2914 14340 6
209 14340 6
14340 19029 6
1273 8767 6
2914 15830 6
3303 15598 6
13237 15598 6
3549 15598 6
6539 36030 6
7018 13576 6
174 9211 6
3356 9211 6
3303 9211 6
5617 15857 6
6327 25983 6
1299 20773 6
6939 20773 6
5413 20773 6
9145 16150 6
3356 41135 6
3549 13720 6
3257 16034 6
6939 16034 6
16034 16150 6
701 7395 6
12956 21844 6
7018 21844 6
2818 4637 6
2818 16150 6
7018 11855 6
1299 32787 6
30081 32787 6
553 3320 6
553 5413 6
1273 16559 6
1299 25560 6
3320 25560 6
3333 5413 6
8001 9680 6
1290 2828 6
1290 3561 6
1290 4637 6
1299 13301 6
13237 13301 6
174 13301 6
5413 13301 6
2914 21155 6
5413 21155 6
12859 19151 6
151 2516 6
151 4637 6
1299 9167 6
6320 19151 6
12989 32787 6
10310 16150 6
12956 22691 6
2914 22691 6
22691 23393 6
3561 5769 6
1299 21949 6
702 21155 6
702 8434 6
702 21414 6
702 35320 6
702 12491 6
702 12389 6
702 2603 6
702 22351 6
702 3573 6
702 5557 6
702 31084 6
16150 24167 6
5413 24167 6
12956 22867 6
3303 36623 6
286 9132 6
286 13005 6
286 36623 6
286 9063 6
286 20747 6
286 4004 6
286 5390 6
286 12414 6
286 8737 6
286 24167 6
286 13193 6
2529 5587 6
4355 11686 6
174 16243 6
3491 21155 6
3491 5557 6
3491 18534 6
3491 9583 6
3491 29761 6
3491 23504 6
3491 8551 6
3491 22298 6
3491 8341 6
13005 25462 6
16030 25462 6
21099 25462 6
20547 25462 6
20495 25462 6
7795 25462 6
25462 30776 6
8741 25462 6
8744 25462 6
25462 27319 6
14891 25462 6
25462 41012 6
3212 25462 6
7784 25462 6
8683 25462 6
25462 35320 6
1140 25462 6
4004 25462 6
3249 25462 6
25462 34088 6
8551 25462 6
13213 25462 6
2116 25462 6
8737 25462 6
1901 25462 6
1200 25462 6
21385 25462 6
8586 25462 6
25462 34270 6
23342 25462 6
12902 25462 6
25462 34655 6
25462 30827 6
8196 25462 6
12390 25462 6
25462 29017 6
16334 25462 6
22691 25462 6
25462 28809 6
1126 25462 6
5539 25462 6
6661 25462 6
25310 25462 6
25462 29518 6
25462 28788 6
5390 25462 6
9193 25462 6
5388 25462 6
25462 29131 6
24167 25462 6
12337 25462 6
25462 34763 6
8075 16150 6
8075 11164 6
8001 12222 6
1299 28697 6
2497 7514 5
3549 24637 5
6453 34270 5
5410 6453 5
3549 30827 5
12322 16150 5
701 5006 5
701 9808 5
701 1680 5
6327 19752 5
3561 10911 5
3212 16150 5
3257 20976 5
3356 19752 5
3356 11853 5
3356 35985 5
3561 35985 5
3356 33419 5
2497 4685 5
2497 7529 5
3356 18990 5
8473 16150 5
4323 35908 5
16150 20640 5
3561 14742 5
3356 14742 5
16150 31216 5
3356 5049 5
701 25994 5
6453 38973 5
3549 38973 5
13101 16150 5
6453 13101 5
701 11643 5
3549 11992 5
3356 11992 5
2551 3356 5
3549 12181 5
2603 8434 5
6352 14745 5
3549 12902 5
3356 9031 5
701 23028 5
3549 23028 5
3257 33843 5
3257 26769 5
3257 29131 5
701 33517 5
3356 33517 5
6453 33517 5
3549 8048 5
8048 12956 5
701 8048 5
6453 33970 5
3356 19318 5
8001 30827 5
8001 16334 5
8001 15772 5
8001 36619 5
3549 7065 5
209 6352 5
7992 8001 5
6908 16150 5
701 9116 5
803 3561 5
6503 8151 5
4635 7540 5
3356 19817 5
3549 14744 5
13030 16150 5
1668 6805 5
6695 12956 5
3213 15444 5
3213 31216 5
3213 19318 5
3213 6774 5
209 10970 5
8737 23352 5
3549 8737 5
16815 19029 5
19029 19092 5
14960 19029 5
3213 8966 5
6830 21502 5
701 7786 5
8341 16150 5
6453 8341 5
701 17088 5
812 14361 5
812 36619 5
812 7992 5
4780 9505 5
3549 4780 5
3561 26910 5
2497 36624 5
6453 36624 5
6762 8048 5
6453 34655 5
8001 12390 5
3213 12390 5
2907 11537 5
513 11537 5
11537 22388 5
11537 27750 5
3327 3549 5
812 36628 5
12181 22773 5
271 6327 5
3356 35591 5
3549 35591 5
7795 19029 5
4651 7473 5
5413 16334 5
1901 5413 5
5413 29131 5
5413 8553 5
5413 29055 5
1299 39003 5
1299 15444 5
1299 20640 5
1299 8975 5
1299 3212 5
1299 12793 5
1299 5587 5
1299 33517 5
9299 9505 5
3561 6993 5
3549 6993 5
16150 29686 5
174 8434 5
174 19092 5
174 16810 5
174 6303 5
174 24963 5
174 549 5
174 16245 5
174 9416 5
174 3327 5
174 1853 5
174 8741 5
174 16097 5
174 4004 5
174 39651 5
174 23028 5
174 12188 5
174 16338 5
174 24637 5
174 19817 5
3356 6621 5
209 36408 5
3557 6079 5
3557 15169 5
3557 4788 5
3557 4181 5
3557 23342 5
3557 19548 5
3557 9318 5
42 3557 5
3557 4716 5
3557 15290 5
2500 4713 5
3549 15879 5
15879 20562 5
12956 16276 5
6453 16276 5
3213 8657 5
3549 20804 5
174 2874 5
6453 35320 5
174 35320 5
5413 35320 5
3356 35320 5
8001 14492 5
1299 7500 5
5557 6453 5
174 8196 5
3356 36351 5
3561 36351 5
3549 36351 5
701 30588 5
3257 30588 5
3257 29045 5
3356 29045 5
6453 29045 5
3549 29045 5
1299 30666 5
3257 30666 5
3356 30666 5
23352 25232 5
6453 25232 5
812 13037 5
174 10886 5
209 10886 5
3356 40177 5
5413 30740 5
3213 30740 5
6079 11164 5
701 4628 5
209 4628 5
4628 7473 5
14891 19029 5
3356 5668 5
6453 9930 5
3549 8851 5
6453 9264 5
3356 26228 5
6453 31800 5
6695 12654 5
12654 20562 5
19092 21947 5
16150 25973 5
11164 25973 5
3213 22822 5
16150 21195 5
3303 21195 5
3303 15600 5
2381 3303 5
3303 12552 5
3303 20932 5
3303 8741 5
3303 20804 5
3303 15772 5
3303 7902 5
3303 36624 5
3303 8683 5
3303 13127 5
3303 12312 5
3303 13049 5
3303 39651 5
3303 36617 5
3303 6724 5
3216 9198 5
701 3216 5
1239 16810 5
101 1239 5
1239 8048 5
1239 7459 5
1239 7497 5
1239 1901 5
1239 23172 5
1239 4230 5
1239 14742 5
1239 5049 5
1239 15395 5
1239 11643 5
1239 12042 5
1239 33517 5
3303 31334 5
174 2044 5
8001 11403 5
8452 20858 5
2856 8468 5
6453 8468 5
3356 6067 5
6067 6453 5
3058 3267 5
1239 5388 5
701 33363 5
8001 34763 5
1273 3246 5
1273 1784 5
1273 21502 5
1273 5539 5
1273 2861 5
174 12605 5
1299 3595 5
3549 3595 5
1239 13789 5
3561 13789 5
4657 4761 5
4761 7473 5
2118 3277 5
7843 12956 5
174 7843 5
3257 15703 5
701 5466 5
174 10282 5
3561 30340 5
4323 30340 5
1273 8342 5
3303 15517 5
6407 19029 5
6407 11867 5
8002 32644 5
5668 7018 5
7018 9808 5
7018 23342 5
6303 7018 5
7018 23520 5
7018 7381 5
7018 12006 5
7018 14717 5
3356 15533 5
174 21202 5
714 3356 5
3257 27589 5
3356 27589 5
5390 16150 5
6453 8195 5
4761 17826 5
3257 24785 5
1239 39386 5
7018 39386 5
6453 39386 5
209 6325 5
9381 10026 5
209 237 5
237 6453 5
174 29664 5
3257 12715 5
3549 12715 5
1221 2764 5
7539 9505 5
3216 28809 5
2914 8151 5
2914 9824 5
237 2914 5
2914 11404 5
2914 18403 5
2914 8683 5
2914 11922 5
2914 9237 5
2914 9595 5
2914 36351 5
2914 9365 5
2914 28788 5
2914 33517 5
16150 29518 5
174 23498 5
5413 9193 5
3549 12414 5
852 6407 5
852 7843 5
1299 9035 5
6762 9035 5
3356 9035 5
2497 4691 5
8001 16030 5
1299 13445 5
3549 13445 5
701 13445 5
3356 13445 5
11664 22927 5
1239 7303 5
7303 16814 5
6770 29527 5
174 6770 5
6770 8001 5
4770 10026 5
137 1299 5
137 3356 5
5413 6871 5
6871 8001 5
1239 22220 5
3257 33891 5
3549 33891 5
701 12178 5
701 7643 5
8002 11856 5
5413 21396 5
1221 4739 5
2119 8434 5
701 29944 5
3356 29944 5
7018 29944 5
22822 33739 5
3303 33739 5
19029 33739 5
19151 30827 5
15444 19151 5
6871 19151 5
7795 19151 5
12390 19151 5
19151 35908 5
19151 36619 5
3327 19151 5
19151 40009 5
6067 19151 5
19151 25310 5
19151 31216 5
5587 19151 5
4004 19151 5
19151 28788 5
5390 19151 5
12874 19151 5
8342 19151 5
12111 19151 5
6295 19151 5
19151 29131 5
3130 19151 5
12932 19151 5
8341 19151 5
13680 19151 5
13680 19029 5
8001 12124 5
2129 12874 5
701 2129 5
2129 8220 5
1299 5427 5
1239 14236 5
3549 33597 5
1239 9829 5
3356 9829 5
7018 9829 5
3573 5400 5
1273 3573 5
2828 16810 5
2828 8342 5
2828 14359 5
2119 2828 5
3549 22753 5
701 22753 5
12586 13237 5
1785 13237 5
13237 21195 5
5557 13237 5
13237 20507 5
13237 20704 5
13237 33891 5
13237 15772 5
13237 20747 5
13237 21202 5
13237 16097 5
13237 29073 5
5427 13237 5
13127 13237 5
13237 35320 5
12793 13237 5
13049 13237 5
2857 13237 5
12480 13237 5
13237 39651 5
9193 13237 5
5388 13237 5
2611 8674 5
2611 16150 5
2611 8001 5
1273 2611 5
3303 13184 5
3741 16637 5
4628 4637 5
4637 9808 5
3573 4637 5
4637 6619 5
1221 4637 5
8195 9009 5
3356 9009 5
1273 13285 5
1239 27357 5
7018 27357 5
3303 21385 5
6762 24730 5
174 24730 5
1299 8586 5
8586 13237 5
8001 8586 5
3356 8586 5
2914 35028 5
4637 18302 5
2914 18302 5
6453 16353 5
19151 25074 5
6453 6648 5
6762 25152 5
4837 19151 5
1299 29562 5
13237 29562 5
5413 29562 5
5511 29664 5
5511 7500 5
5511 8048 5
12418 20485 5
1239 27757 5
5511 27757 5
3549 27757 5
2914 9919 5
174 24875 5
3257 25098 5
3249 16150 5
3249 19151 5
3249 3356 5
8470 20485 5
8918 16150 5
6453 8918 5
9929 18534 5
6461 35591 5
6461 9824 5
6461 8683 5
6461 22205 5
6461 12111 5
6461 29075 5
6461 12902 5
6461 12390 5
6461 20747 5
2828 10242 5
5413 14537 5
3356 14537 5
703 1668 5
3302 6762 5
3302 3303 5
1239 3302 5
3302 3356 5
5503 19151 5
1299 34305 5
9237 9583 5
2905 5713 5
13237 24961 5
3303 24961 5
1299 8190 5
5413 8190 5
8002 32641 5
3213 9044 5
7385 11922 5
9808 15412 5
15412 18302 5
15412 17697 5
8069 15412 5
15412 38193 5
9729 15412 5
4637 23749 5
3292 12399 5
3356 12399 5
5603 8591 5
6461 20495 5
3356 12883 5
7018 16586 5
16586 19029 5
4862 15412 5
7018 30094 5
852 30094 5
3303 35830 5
2110 3356 5
1785 6939 5
6939 7385 5
6939 25976 5
6939 12676 5
6939 24587 5
6939 9193 5
6295 6939 5
6939 14891 5
6939 41012 5
237 6939 5
6939 8002 5
6939 13680 5
6539 33211 5
6539 25976 5
6539 19092 5
6539 22220 5
6539 7795 5
6539 11403 5
6539 25700 5
6539 19318 5
6539 31800 5
6539 15149 5
6539 12111 5
6295 6539 5
6539 14960 5
6539 33739 5
6539 8002 5
6539 36617 5
5400 6656 5
3356 6656 5
293 19817 5
293 668 5
293 2381 5
293 27750 5
293 7065 5
293 7228 5
3561 9800 5
209 20355 5
1239 20355 5
3549 20355 5
6981 7018 5
701 10100 5
1273 9498 5
109 9498 5
701 9269 5
7018 9269 5
1239 11676 5
3356 11676 5
1299 31084 5
2914 31084 5
6453 31084 5
2516 4680 5
2516 22220 5
2516 9824 5
2516 17675 5
2516 9595 5
2516 4862 5
2516 7514 5
2514 2516 5
2516 2518 5
2516 9929 5
2516 7670 5
2516 7065 5
2516 6407 5
2516 10021 5
2516 4755 5
2516 8069 5
2516 7679 5
2516 7529 5
6453 34523 5
2516 27319 5
4589 27319 5
3549 34224 5
6762 17494 5
3561 12083 5
3549 12083 5
701 12083 5
19151 26943 5
6648 9304 5
2706 9304 5
9304 24218 5
2152 4716 5
2516 7270 5
812 29791 5
701 29791 5
2516 9370 5
209 23504 5
13193 13237 5
3549 13193 5
13237 15670 5
2914 10910 5
3816 19429 5
13237 21099 5
174 30776 5
5413 30776 5
6939 30776 5
19151 30776 5
701 2923 5
1103 1200 5
7132 36624 5
7132 31800 5
3257 30081 5
8001 13213 5
2764 10223 5
3320 33891 5
3320 18403 5
3320 25232 5
3320 8918 5
3320 7922 5
3320 9808 5
3320 16815 5
3249 3320 5
1901 3320 5
3320 9035 5
3320 30588 5
8426 8483 5
8196 8426 5
4637 8426 5
19151 29017 5
3303 29017 5
1126 16150 5
812 27257 5
19151 27257 5
209 13649 5
1239 19893 5
5459 8674 5
6461 15773 5
2516 14340 5
701 14340 5
18695 30666 5
3549 8767 5
3356 8767 5
2828 6315 5
2516 6315 5
293 6315 5
15830 16150 5
3257 15830 5
3320 15830 5
2914 36420 5
3561 36420 5
4323 36420 5
6939 25577 5
3257 25577 5
6762 8551 5
3300 8551 5
3257 8551 5
174 8551 5
8551 19151 5
3549 24989 5
6461 21371 5
13237 20679 5
19151 20679 5
3213 20679 5
1239 10933 5
3216 16345 5
6327 36030 5
852 36030 5
3356 20115 5
1299 9211 5
9211 13237 5
9211 13101 5
3549 16838 5
209 16838 5
3356 12670 5
1239 14989 5
701 14989 5
7018 14989 5
3356 14989 5
1299 5617 5
3320 5617 5
701 7046 5
701 41135 5
18695 41135 5
3561 41135 5
8928 9119 5
8928 18695 5
8928 15915 5
16034 19151 5
5089 16034 5
1239 7395 5
7385 7395 5
3549 7395 5
3356 7395 5
3561 21844 5
3303 21844 5
2818 19151 5
3320 32787 5
3356 16559 5
2914 13791 5
13237 15685 5
3333 6762 5
1103 3333 5
3333 3356 5
701 2631 5
1273 13301 5
19151 21155 5
174 12859 5
151 1239 5
2116 9167 5
6461 24720 5
2914 24720 5
1299 24720 5
3257 24720 5
3356 24720 5
3549 24720 5
3356 11456 5
6320 16150 5
6320 6453 5
2152 4134 5
4134 4847 5
812 5769 5
3356 21949 5
6453 21949 5
702 9198 5
702 17557 5
702 34655 5
702 6731 5
702 15533 5
702 15773 5
702 5486 5
22867 23393 5
3277 31500 5
5413 36623 5
13237 36623 5
174 18972 5
2497 7668 5
3213 31715 5
286 7500 5
286 16334 5
286 33891 5
286 5427 5
286 39556 5
286 12399 5
286 5568 5
286 1120 5
286 513 5
286 15435 5
286 1853 5
1140 3303 5
3900 7018 5
2529 16150 5
6939 23131 5
8001 23131 5
11686 15169 5
11686 22773 5
11686 12989 5
11686 23352 5
11686 20940 5
11686 12083 5
3491 32523 5
3491 15915 5
2647 3491 5
3491 24218 5
3491 4004 5
3491 9930 5
3491 25577 5
3491 25074 5
3491 42020 5
3491 9044 5
8912 25462 5
25462 35591 5
21195 25462 5
13122 25462 5
8473 25462 5
15535 25462 5
25462 29527 5
25462 30094 5
16637 25462 5
25462 29562 5
25462 31715 5
25462 29073 5
25462 35788 5
24875 25462 5
5587 25462 5
12312 25462 5
13049 25462 5
15598 25462 5
20976 25462 5
12480 25462 5
8851 25462 5
24989 25462 5
25462 25562 5
24931 25462 5
14960 25462 5
6083 25462 5
25462 41690 5
8483 25462 5
6871 25462 5
25462 39621 5
5631 25462 5
9211 25462 5
12552 25462 5
553 25462 5
9063 25462 5
20747 25462 5
21202 25462 5
25462 39326 5
9121 25462 5
25462 35228 5
25462 27257 5
25462 40009 5
25462 31084 5
6779 25462 5
12399 25462 5
21478 25462 5
2857 25462 5
21392 25462 5
20718 25462 5
15149 25462 5
12414 25462 5
25462 30844 5
20773 25462 5
25462 30740 5
13680 25462 5
7228 25462 5
25462 29651 5
786 16150 5
786 6453 5
4635 4645 5
1299 20500 5
8928 20500 5
174 20500 5
5413 20500 5
8001 20500 5
8631 25462 5
3557 8075 5
812 12222 5
2152 12222 5
12222 19029 5
3557 12222 5
2828 11795 5
3356 11795 5
7018 11795 5
3561 11795 5
209 18885 5
9808 10026 4
9889 10026 4
2497 4704 4
2706 10026 4
3549 21840 4
1680 3549 4
6453 16338 4
6453 29157 4
3549 7859 4
16150 39651 4
8151 28513 4
701 3738 4
701 9497 4
701 29157 4
701 10911 4
701 30337 4
6453 19752 4
3549 19752 4
2497 9605 4
3561 35908 4
3561 7922 4
701 6423 4
226 2497 4
6453 16097 4
3257 15772 4
3257 25478 4
3356 8434 4
3356 3738 4
3356 14359 4
3356 16637 4
3356 21414 4
3356 16097 4
3356 30781 4
2497 9614 4
701 26972 4
3356 26972 4
3549 26972 4
12956 26210 4
3549 35985 4
701 33419 4
6453 20915 4
3549 20915 4
3786 10171 4
3549 5552 4
2907 3356 4
1653 16150 4
3561 12111 4
766 3356 4
3356 41690 4
701 9416 4
6453 20640 4
12552 16150 4
3356 22384 4
3549 22384 4
701 22017 4
13645 16150 4
3356 38973 4
3356 19806 4
3356 22351 4
3356 16334 4
5400 18676 4
3549 7908 4
701 705 4
3356 12980 4
701 26381 4
2497 10010 4
1668 11992 4
3561 7459 4
8763 12956 4
5539 8763 4
13049 16150 4
701 2603 4
6453 42565 4
3549 42565 4
3549 29075 4
3356 22291 4
3356 8686 4
3356 7796 4
3561 7796 4
3257 39757 4
3356 39757 4
9031 16150 4
6453 9031 4
3356 13609 4
3356 14751 4
6453 20617 4
3549 20617 4
3356 8047 4
3257 39003 4
3549 39003 4
3561 13749 4
4323 13749 4
6453 34997 4
3549 8732 4
3356 8732 4
1668 30640 4
3356 30640 4
6453 30640 4
3549 30640 4
6453 39556 4
3356 33968 4
701 23994 4
2497 4680 4
3225 29157 4
3356 29212 4
7540 9505 4
9416 9505 4
8151 18734 4
3356 26769 4
701 17374 4
4775 9658 4
4775 7473 4
3356 6130 4
3549 29131 4
6453 29131 4
6453 42536 4
3549 42536 4
2497 9617 4
8001 8912 4
8001 10848 4
8001 33419 4
8001 16637 4
8001 34270 4
8001 12932 4
2860 3549 4
2860 6453 4
701 32957 4
209 11553 4
209 30640 4
209 26972 4
4323 15206 4
701 8069 4
8069 10026 4
1257 16245 4
3356 32454 4
3561 32454 4
701 803 4
4635 10098 4
3356 5631 4
209 19817 4
6453 34587 4
3549 34587 4
2544 3356 4
3356 10355 4
3549 10355 4
6303 10026 4
3213 30827 4
3213 13005 4
3213 6327 4
3213 15290 4
3213 29527 4
3213 29131 4
3213 24931 4
3213 13030 4
3213 8683 4
701 10970 4
9143 20562 4
20562 31477 4
3356 23520 4
12322 19029 4
19029 33419 4
19029 19817 4
8047 19029 4
3549 5050 4
6731 8359 4
3356 6731 4
9457 10026 4
701 9595 4
3356 13354 4
3549 13354 4
3213 30844 4
3356 12129 4
3257 20547 4
8001 20547 4
3213 20547 4
209 7786 4
3213 15915 4
12566 15557 4
3561 35937 4
3561 18730 4
6503 18592 4
812 6079 4
812 13030 4
812 4181 4
812 36617 4
2381 19029 4
3356 35751 4
701 27382 4
3356 7296 4
2497 2510 4
3549 11588 4
209 11588 4
3549 36624 4
6762 9116 4
6762 7922 4
6762 38193 4
6762 17557 4
9198 35566 4
3356 11922 4
11922 19029 4
4635 9729 4
3213 29055 4
6453 6739 4
3356 12390 4
6509 11537 4
8517 9121 4
16150 23393 4
4323 7782 4
16150 36628 4
22773 23172 4
6453 35591 4
3549 7795 4
701 32962 4
3356 32962 4
3561 32962 4
3549 32962 4
1733 1913 4
3213 15766 4
5413 20547 4
5413 30844 4
5413 25562 4
5413 15766 4
1299 6731 4
1299 5483 4
1299 35000 4
1299 6739 4
1299 8473 4
1299 35985 4
1299 32454 4
1299 1680 4
1299 16097 4
1299 25478 4
1299 8804 4
766 1299 4
2497 2527 4
3356 32748 4
4788 4983 4
12312 29686 4
174 40064 4
174 33260 4
174 22925 4
174 13049 4
174 10970 4
174 23520 4
174 8607 4
174 15435 4
174 33544 4
174 2860 4
174 2857 4
174 8804 4
174 21409 4
174 8912 4
174 39003 4
174 19159 4
174 30212 4
174 12566 4
174 9189 4
174 12480 4
174 24587 4
174 38973 4
174 9186 4
174 9119 4
174 33843 4
174 22460 4
174 5552 4
174 17388 4
174 11992 4
3267 12695 4
812 21570 4
3557 26914 4
2647 3557 4
3557 4565 4
3557 11608 4
3557 13768 4
4713 4716 4
16150 16276 4
701 10361 4
209 10361 4
3356 10361 4
3561 10361 4
174 13490 4
174 20804 4
1299 20804 4
5400 20804 4
701 7734 4
174 35244 4
2907 18127 4
812 14492 4
174 34088 4
3356 34088 4
1299 39048 4
701 7091 4
3557 7091 4
3557 11867 4
2500 9225 4
701 27343 4
7500 9225 4
3356 5557 4
2497 3462 4
8304 29075 4
8304 20766 4
4725 9225 4
4725 7670 4
1280 8121 4
1280 9416 4
3356 22199 4
3356 27325 4
3356 30588 4
3561 30588 4
3257 12586 4
174 29045 4
174 15535 4
6453 15535 4
3561 30666 4
701 22203 4
3356 22203 4
5400 12611 4
174 11697 4
1299 40185 4
701 40185 4
3257 40185 4
3561 40185 4
6453 34119 4
3549 34119 4
6059 10886 4
14717 19262 4
209 14717 4
16265 39556 4
701 27017 4
6453 27017 4
12179 36351 4
8402 35000 4
8001 30740 4
4565 11164 4
3356 21640 4
701 14891 4
14891 23352 4
558 35908 4
3213 7575 4
7575 11537 4
701 9930 4
5413 8851 4
3356 8851 4
4323 36184 4
1299 39554 4
3549 39554 4
701 26228 4
